100.0
0.0
-20.0
140.0
50.0
80.0
79.0
-20.0
8.0
19.0
-21.0
157.0
60.0
-20.0
-21.0
79.0
68.0
-10.0
110.0
-20.0
40.0
60.0
109.0
40.0
-10.0
-32.0
17.0
119.0
120.0
170.0
170.0
20.0
80.0
0.0
200.0
10.0
0.0
50.0
-20.0
80.0
50.0
50.0
30.0
-20.0
70.0
30.0
40.0
40.0
70.0
30.0
90.0
-20.0
59.0
0.0
0.0
40.0
40.0
50.0
-20.0
109.0
-20.0
69.0
90.0
110.0
20.0
28.0
-20.0
70.0
120.0
80.0
110.0
140.0
70.0
0.0
20.0
-20.0
0.0
110.0
10.0
50.0
30.0
150.0
10.0
30.0
20.0
179.0
30.0
70.0
-20.0
20.0
110.0
60.0
20.0
40.0
60.0
0.0
179.0
-10.0
13.0
0.0
30.0
70.0
0.0
10.0
40.0
-10.0
10.0
10.0
-20.0
8.0
110.0
100.0
20.0
-10.0
-20.0
100.0
130.0
0.0
10.0
90.0
20.0
-20.0
40.0
-20.0
30.0
40.0
-20.0
-10.0
0.0
100.0
70.0
10.0
50.0
20.0
0.0
80.0
-20.0
69.0
100.0
20.0
159.0
60.0
16.0
49.0
-20.0
20.0
-20.0
20.0
20.0
100.0
-20.0
30.0
121.0
10.0
20.0
98.0
50.0
-20.0
199.0
20.0
60.0
100.0
-10.0
50.0
-10.0
40.0
50.0
-20.0
80.0
20.0
0.0
168.0
40.0
18.0
-20.0
80.0
20.0
30.0
-10.0
20.0
-20.0
59.0
0.0
40.0
-10.0
0.0
10.0
-20.0
20.0
170.0
10.0
-20.0
-20.0
60.0
0.0
14.0
80.0
10.0
20.0
100.0
20.0
79.0
-20.0
-20.0
-20.0
160.0
30.0
120.0
70.0
-20.0
-22.0
0.0
30.0
-20.0
10.0
0.0
0.0
110.0
-23.0
-20.0
60.0
10.0
30.0
40.0
-10.0
40.0
-20.0
17.0
10.0
40.0
130.0
-20.0
90.0
50.0
10.0
-10.0
0.0
70.0
10.0
140.0
-10.0
-20.0
21.0
6.0
-10.0
150.0
-20.0
-20.0
20.0
78.0
50.0
40.0
-10.0
50.0
199.0
0.0
-20.0
-20.0
180.0
40.0
30.0
40.0
130.0
130.0
80.0
10.0
129.0
20.0
-20.0
40.0
-20.0
-20.0
40.0
60.0
60.0
0.0
160.0
-10.0
-20.0
10.0
-20.0
-10.0
20.0
33.0
100.0
109.0
117.0
-20.0
-20.0
10.0
50.0
20.0
20.0
130.0
19.0
0.0
-10.0
-20.0
-10.0
160.0
10.0
10.0
20.0
-10.0
40.0
-10.0
29.0
19.0
-20.0
29.0
20.0
110.0
60.0
-10.0
190.0
10.0
10.0
10.0
20.0
50.0
70.0
30.0
39.0
10.0
10.0
10.0
70.0
30.0
159.0
-305.0
-20.0
50.0
-10.0
169.0
30.0
58.0
-20.0
30.0
20.0
30.0
64.0
10.0
-20.0
30.0
70.0
70.0
70.0
60.0
0.0
50.0
187.0
50.0
38.0
-20.0
-10.0
50.0
-20.0
10.0
80.0
30.0
199.0
80.0
50.0
90.0
60.0
-20.0
48.0
-10.0
40.0
100.0
-20.0
4.0
10.0
19.0
10.0
30.0
-20.0
10.0
190.0
40.0
30.0
10.0
-10.0
80.0
100.0
-10.0
-20.0
30.0
9.0
-20.0
150.0
10.0
90.0
0.0
40.0
10.0
-20.0
100.0
9.0
-10.0
90.0
150.0
80.0
99.0
29.0
0.0
70.0
50.0
-20.0
10.0
-20.0
70.0
-20.0
10.0
70.0
40.0
70.0
104.0
20.0
-11.0
-20.0
-20.0
20.0
10.0
170.0
-20.0
20.0
-20.0
49.0
10.0
1.0
-20.0
99.0
-20.0
10.0
20.0
60.0
10.0
58.0
-20.0
-27.0
10.0
-10.0
10.0
40.0
20.0
-20.0
100.0
0.0
10.0
-20.0
-20.0
40.0
80.0
10.0
20.0
120.0
-20.0
-10.0
10.0
40.0
29.0
20.0
10.0
-1.0
-1.0
-10.0
-10.0
-20.0
40.0
-20.0
23.0
10.0
30.0
118.0
-10.0
40.0
10.0
4.0
90.0
37.0
97.0
-10.0
20.0
79.0
-20.0
10.0
59.0
-20.0
118.0
170.0
140.0
80.0
30.0
-10.0
-14.0
-20.0
30.0
-20.0
-10.0
38.0
10.0
-10.0
0.0
80.0
0.0
-20.0
80.0
157.0
-20.0
9.0
200.0
40.0
120.0
0.0
20.0
60.0
-940.0
20.0
30.0
10.0
20.0
30.0
-20.0
-11.0
20.0
20.0
50.0
20.0
190.0
40.0
40.0
-20.0
50.0
29.0
-20.0
-10.0
30.0
9.0
40.0
-20.0
264.0
50.0
28.0
-20.0
135.0
15.0
100.0
-20.0
60.0
60.0
50.0
90.0
150.0
0.0
40.0
150.0
30.0
140.0
30.0
19.0
21.0
10.0
10.0
-20.0
10.0
-21.0
60.0
0.0
10.0
120.0
-20.0
-20.0
0.0
-20.0
46.0
10.0
30.0
20.0
-20.0
-20.0
130.0
170.0
20.0
-20.0
68.0
29.0
0.0
288.0
90.0
-20.0
78.0
70.0
-10.0
10.0
30.0
80.0
10.0
-20.0
0.0
39.0
10.0
-20.0
110.0
0.0
40.0
38.0
36.0
10.0
-10.0
-20.0
-20.0
63.0
130.0
20.0
88.0
10.0
136.0
30.0
40.0
20.0
38.0
90.0
-20.0
30.0
20.0
-20.0
10.0
0.0
10.0
60.0
110.0
80.0
-1.0
110.0
90.0
10.0
-10.0
0.0
80.0
-3.0
-20.0
10.0
30.0
-20.0
-20.0
70.0
50.0
90.0
-20.0
-10.0
39.0
-20.0
-20.0
194.0
50.0
0.0
40.0
10.0
70.0
140.0
70.0
10.0
70.0
28.0
50.0
-10.0
69.0
20.0
-20.0
-10.0
-20.0
-20.0
130.0
-20.0
20.0
-10.0
29.0
70.0
69.0
10.0
40.0
10.0
49.0
10.0
15.0
50.0
60.0
-20.0
10.0
50.0
20.0
10.0
58.0
20.0
80.0
100.0
20.0
10.0
-21.0
30.0
20.0
-20.0
-20.0
100.0
60.0
-20.0
-76.0
20.0
-20.0
70.0
-20.0
20.0
50.0
-10.0
70.0
77.0
160.0
-21.0
40.0
32.0
10.0
307.0
160.0
-20.0
0.0
10.0
60.0
140.0
10.0
170.0
120.0
30.0
110.0
190.0
50.0
220.0
40.0
30.0
70.0
-10.0
-10.0
-10.0
0.0
-20.0
76.0
127.0
50.0
10.0
10.0
-20.0
10.0
10.0
-10.0
49.0
40.0
-20.0
29.0
-20.0
104.0
-20.0
10.0
-20.0
10.0
-20.0
-1.0
200.0
0.0
-20.0
-11.0
10.0
239.0
20.0
-20.0
0.0
30.0
20.0
60.0
-20.0
200.0
30.0
50.0
0.0
60.0
-10.0
70.0
-5.0
70.0
70.0
30.0
110.0
-2.0
-10.0
30.0
-10.0
40.0
80.0
-20.0
4.0
60.0
20.0
20.0
20.0
120.0
-10.0
80.0
9.0
70.0
10.0
-20.0
80.0
10.0
30.0
50.0
0.0
-20.0
160.0
10.0
80.0
90.0
99.0
90.0
27.0
20.0
10.0
-10.0
10.0
40.0
170.0
0.0
30.0
120.0
-20.0
10.0
40.0
20.0
160.0
77.0
106.0
68.0
10.0
80.0
30.0
0.0
50.0
-20.0
40.0
-20.0
-10.0
43.0
69.0
120.0
110.0
0.0
44.0
-20.0
-10.0
20.0
20.0
48.0
20.0
-20.0
10.0
50.0
-20.0
-10.0
80.0
120.0
40.0
-20.0
20.0
30.0
50.0
30.0
0.0
40.0
70.0
110.0
-10.0
49.0
-20.0
3.0
-10.0
230.0
30.0
398.0
10.0
40.0
-20.0
110.0
20.0
40.0
24.0
10.0
49.0
-20.0
0.0
60.0
250.0
50.0
-20.0
-10.0
-20.0
-20.0
80.0
170.0
110.0
80.0
-10.0
20.0
70.0
239.0
10.0
18.0
30.0
-10.0
30.0
-9.0
10.0
70.0
-20.0
90.0
-4.0
90.0
-20.0
42.0
20.0
77.0
40.0
109.0
-20.0
50.0
-10.0
20.0
97.0
110.0
60.0
0.0
-10.0
60.0
-20.0
100.0
80.0
30.0
50.0
10.0
16.0
-20.0
169.0
110.0
40.0
40.0
60.0
20.0
0.0
-10.0
10.0
48.0
50.0
50.0
-20.0
100.0
90.0
10.0
30.0
49.0
-20.0
30.0
-10.0
50.0
50.0
54.0
0.0
10.0
59.0
-10.0
60.0
10.0
-20.0
50.0
73.0
-1.0
50.0
40.0
10.0
20.0
-10.0
10.0
110.0
336.0
66.0
105.0
130.0
219.0
129.0
-20.0
282.0
128.0
50.0
-20.0
50.0
40.0
10.0
20.0
120.0
-10.0
-20.0
0.0
40.0
-20.0
0.0
80.0
-20.0
20.0
20.0
20.0
0.0
-20.0
10.0
56.0
50.0
90.0
110.0
-20.0
-3.0
-20.0
109.0
100.0
-20.0
-20.0
60.0
-20.0
-20.0
79.0
30.0
80.0
30.0
40.0
40.0
-20.0
-20.0
80.0
-20.0
37.0
20.0
77.0
130.0
10.0
-20.0
30.0
40.0
50.0
20.0
9.0
40.0
10.0
0.0
50.0
-20.0
10.0
80.0
130.0
210.0
-20.0
40.0
10.0
20.0
50.0
260.0
-15.0
-12.0
130.0
60.0
26.0
130.0
10.0
0.0
9.0
53.0
60.0
30.0
50.0
49.0
30.0
35.0
20.0
58.0
-10.0
10.0
40.0
80.0
120.0
30.0
-20.0
40.0
20.0
0.0
-20.0
30.0
0.0
-10.0
20.0
35.0
-10.0
59.0
70.0
30.0
-20.0
10.0
60.0
20.0
50.0
80.0
50.0
30.0
-924.0
-14.0
-13.0
-20.0
10.0
-20.0
-20.0
29.0
160.0
30.0
0.0
207.0
0.0
-10.0
40.0
140.0
0.0
-20.0
28.0
79.0
70.0
80.0
0.0
30.0
-20.0
-10.0
50.0
40.0
80.0
20.0
50.0
20.0
30.0
230.0
10.0
57.0
40.0
-10.0
10.0
110.0
60.0
-20.0
-20.0
30.0
-20.0
-20.0
82.0
90.0
40.0
10.0
20.0
49.0
228.0
10.0
49.0
110.0
110.0
160.0
40.0
10.0
20.0
136.0
150.0
140.0
-10.0
-20.0
49.0
30.0
30.0
84.0
10.0
120.0
-20.0
237.0
60.0
-20.0
190.0
10.0
30.0
-20.0
40.0
140.0
50.0
-10.0
-20.0
-10.0
0.0
190.0
40.0
220.0
39.0
30.0
20.0
-20.0
20.0
10.0
-10.0
15.0
60.0
140.0
29.0
60.0
230.0
10.0
-10.0
77.0
10.0
220.0
37.0
69.0
9.0
30.0
70.0
20.0
100.0
30.0
59.0
-20.0
70.0
40.0
-10.0
-10.0
-10.0
-10.0
-20.0
-10.0
20.0
0.0
68.0
28.0
174.0
-20.0
200.0
234.0
10.0
1.0
40.0
-20.0
-20.0
10.0
90.0
80.0
20.0
40.0
30.0
39.0
10.0
120.0
60.0
30.0
46.0
-10.0
80.0
220.0
128.0
-10.0
10.0
80.0
10.0
20.0
10.0
31.0
45.0
90.0
40.0
29.0
30.0
48.0
120.0
130.0
10.0
87.0
0.0
238.0
55.0
-20.0
110.0
-20.0
28.0
10.0
30.0
50.0
-20.0
-10.0
8.0
310.0
40.0
-4.0
-22.0
8.0
50.0
-20.0
10.0
-10.0
0.0
30.0
39.0
35.0
-10.0
30.0
240.0
10.0
20.0
20.0
82.0
-22.0
60.0
0.0
10.0
90.0
10.0
37.0
-20.0
90.0
-20.0
10.0
-10.0
10.0
10.0
0.0
-10.0
-21.0
-20.0
0.0
50.0
276.0
-10.0
130.0
-20.0
-20.0
260.0
40.0
10.0
0.0
0.0
19.0
-20.0
40.0
20.0
90.0
-20.0
10.0
-10.0
140.0
50.0
10.0
40.0
-20.0
40.0
68.0
100.0
10.0
50.0
8.0
60.0
10.0
130.0
40.0
50.0
-10.0
130.0
100.0
420.0
30.0
10.0
20.0
50.0
-20.0
40.0
30.0
184.0
60.0
-20.0
30.0
-10.0
50.0
-20.0
-20.0
70.0
10.0
-20.0
-10.0
160.0
20.0
0.0
-20.0
90.0
10.0
-20.0
270.0
0.0
30.0
29.0
-10.0
20.0
-20.0
10.0
9.0
0.0
10.0
40.0
20.0
20.0
20.0
-10.0
20.0
10.0
-20.0
50.0
110.0
108.0
20.0
140.0
30.0
9.0
0.0
20.0
-20.0
127.0
40.0
218.0
50.0
-20.0
89.0
0.0
10.0
20.0
340.0
-10.0
40.0
0.0
50.0
-11.0
50.0
0.0
-20.0
30.0
50.0
190.0
30.0
-10.0
-20.0
0.0
0.0
-40.0
210.0
50.0
10.0
0.0
19.0
0.0
139.0
-20.0
10.0
-10.0
39.0
-20.0
80.0
90.0
-20.0
10.0
50.0
40.0
10.0
10.0
-20.0
10.0
188.0
0.0
20.0
170.0
40.0
100.0
60.0
80.0
-20.0
-20.0
60.0
300.0
0.0
50.0
-10.0
20.0
10.0
-20.0
99.0
-20.0
-10.0
40.0
20.0
70.0
110.0
-10.0
20.0
47.0
247.0
59.0
10.0
40.0
-20.0
118.0
-10.0
-20.0
40.0
170.0
160.0
-20.0
80.0
30.0
-10.0
83.0
20.0
-20.0
100.0
89.0
90.0
110.0
59.0
160.0
-20.0
0.0
10.0
4.0
19.0
59.0
40.0
170.0
210.0
30.0
40.0
110.0
50.0
90.0
-20.0
10.0
60.0
-10.0
30.0
0.0
10.0
-116.0
0.0
10.0
60.0
90.0
-20.0
10.0
-20.0
-10.0
60.0
30.0
-20.0
40.0
319.0
40.0
30.0
30.0
30.0
30.0
-10.0
-20.0
90.0
70.0
30.0
10.0
-10.0
-20.0
-20.0
30.0
59.0
37.0
40.0
160.0
10.0
-10.0
10.0
80.0
-10.0
60.0
40.0
10.0
-20.0
90.0
170.0
170.0
8.0
50.0
40.0
30.0
198.0
29.0
20.0
-1.0
70.0
90.0
10.0
10.0
100.0
29.0
84.0
10.0
10.0
10.0
-20.0
0.0
-20.0
40.0
45.0
-20.0
110.0
10.0
-10.0
50.0
10.0
110.0
49.0
50.0
40.0
100.0
7.0
-20.0
50.0
10.0
-10.0
-20.0
60.0
-20.0
519.0
90.0
20.0
40.0
-20.0
30.0
187.0
-10.0
10.0
30.0
28.0
60.0
90.0
68.0
-10.0
50.0
20.0
0.0
-10.0
20.0
30.0
0.0
69.0
40.0
50.0
40.0
69.0
0.0
10.0
-20.0
0.0
-3.0
30.0
9.0
9.0
60.0
20.0
330.0
40.0
-10.0
80.0
40.0
10.0
140.0
-10.0
39.0
20.0
130.0
10.0
-10.0
20.0
150.0
10.0
-20.0
-20.0
-10.0
-20.0
98.0
58.0
73.0
230.0
-20.0
10.0
-20.0
10.0
29.0
140.0
19.0
10.0
-10.0
87.0
99.0
0.0
10.0
0.0
30.0
20.0
10.0
60.0
-20.0
27.0
10.0
20.0
60.0
100.0
-10.0
70.0
170.0
-20.0
106.0
220.0
-20.0
48.0
20.0
-10.0
0.0
40.0
30.0
-20.0
130.0
-20.0
80.0
0.0
0.0
0.0
120.0
9.0
0.0
40.0
130.0
10.0
20.0
52.0
99.0
-20.0
0.0
40.0
80.0
40.0
50.0
50.0
20.0
20.0
-20.0
30.0
270.0
150.0
20.0
0.0
40.0
30.0
278.0
28.0
30.0
127.0
150.0
-20.0
60.0
28.0
-20.0
30.0
19.0
30.0
110.0
20.0
20.0
107.0
20.0
69.0
88.0
70.0
9.0
39.0
20.0
94.0
20.0
20.0
50.0
-20.0
10.0
70.0
54.0
10.0
10.0
6.0
46.0
30.0
70.0
30.0
-10.0
10.0
80.0
20.0
0.0
85.0
30.0
90.0
39.0
-10.0
36.0
60.0
30.0
60.0
120.0
90.0
32.0
90.0
-20.0
-20.0
94.0
130.0
68.0
160.0
70.0
15.0
100.0
40.0
140.0
27.0
42.0
10.0
81.0
100.0
-20.0
130.0
40.0
-20.0
82.0
20.0
20.0
25.0
20.0
-20.0
70.0
-20.0
70.0
90.0
39.0
198.0
10.0
219.0
30.0
10.0
19.0
40.0
68.0
89.0
10.0
10.0
143.0
-20.0
18.0
53.0
128.0
120.0
-20.0
10.0
-10.0
-10.0
143.0
0.0
0.0
20.0
10.0
138.0
10.0
10.0
-20.0
-20.0
10.0
-10.0
20.0
-10.0
96.0
222.0
0.0
12.0
20.0
30.0
30.0
-20.0
-10.0
70.0
90.0
190.0
276.0
38.0
48.0
30.0
180.0
12.0
20.0
-10.0
10.0
30.0
10.0
-20.0
258.0
59.0
-20.0
50.0
10.0
-20.0
90.0
50.0
-3.0
228.0
40.0
80.0
10.0
20.0
-20.0
50.0
-20.0
140.0
10.0
-20.0
49.0
-20.0
-20.0
30.0
50.0
10.0
100.0
-10.0
90.0
50.0
0.0
-20.0
40.0
0.0
70.0
60.0
10.0
148.0
60.0
0.0
220.0
60.0
-20.0
50.0
-20.0
10.0
180.0
20.0
110.0
70.0
149.0
60.0
70.0
-20.0
-10.0
-20.0
20.0
42.0
60.0
-20.0
-10.0
36.0
30.0
10.0
-10.0
39.0
50.0
40.0
54.0
-20.0
20.0
-20.0
-20.0
64.0
126.0
-20.0
-10.0
40.0
59.0
30.0
190.0
-1.0
-20.0
40.0
59.0
39.0
20.0
30.0
120.0
59.0
14.0
70.0
0.0
60.0
120.0
50.0
51.0
5.0
10.0
-20.0
105.0
70.0
80.0
89.0
80.0
90.0
19.0
20.0
80.0
80.0
20.0
87.0
20.0
7.0
-20.0
150.0
0.0
9.0
79.0
-20.0
241.0
40.0
-10.0
10.0
-20.0
70.0
50.0
18.0
-21.0
-20.0
-10.0
-20.0
-10.0
130.0
-10.0
80.0
20.0
110.0
80.0
80.0
-10.0
350.0
18.0
20.0
0.0
30.0
40.0
10.0
-20.0
87.0
-20.0
30.0
60.0
10.0
0.0
80.0
57.0
0.0
140.0
-20.0
70.0
370.0
20.0
34.0
40.0
-10.0
39.0
20.0
0.0
-10.0
-20.0
20.0
10.0
70.0
-67.0
108.0
70.0
10.0
70.0
30.0
-10.0
40.0
20.0
20.0
-20.0
10.0
90.0
9.0
20.0
20.0
43.0
80.0
80.0
10.0
-22.0
10.0
140.0
-20.0
0.0
20.0
40.0
83.0
165.0
90.0
69.0
79.0
120.0
30.0
20.0
208.0
20.0
8.0
130.0
-20.0
0.0
30.0
120.0
50.0
86.0
260.0
14.0
20.0
34.0
-20.0
0.0
50.0
347.0
40.0
-20.0
8.0
40.0
147.0
-10.0
30.0
150.0
-20.0
50.0
83.0
50.0
97.0
10.0
120.0
-20.0
99.0
10.0
10.0
10.0
-20.0
28.0
-21.0
20.0
120.0
30.0
-133.0
-20.0
150.0
10.0
56.0
88.0
0.0
10.0
-10.0
76.0
54.0
220.0
50.0
0.0
90.0
-20.0
-1.0
90.0
40.0
-20.0
61.0
46.0
209.0
70.0
70.0
128.0
10.0
-20.0
100.0
20.0
-10.0
20.0
29.0
80.0
-10.0
-10.0
-10.0
20.0
30.0
70.0
-11.0
10.0
-20.0
-20.0
58.0
135.0
-10.0
40.0
-10.0
60.0
58.0
40.0
-10.0
10.0
0.0
70.0
20.0
50.0
40.0
30.0
113.0
10.0
-10.0
-10.0
130.0
60.0
60.0
10.0
120.0
-20.0
67.0
-10.0
152.0
50.0
200.0
29.0
100.0
20.0
-10.0
-20.0
40.0
0.0
40.0
-20.0
92.0
70.0
90.0
70.0
68.0
30.0
10.0
10.0
50.0
30.0
85.0
90.0
110.0
56.0
-20.0
210.0
-10.0
-20.0
-20.0
-2.0
408.0
-11.0
-20.0
-10.0
30.0
40.0
20.0
49.0
50.0
120.0
0.0
40.0
30.0
-20.0
60.0
60.0
30.0
270.0
-10.0
88.0
20.0
50.0
30.0
20.0
59.0
-10.0
60.0
-20.0
200.0
143.0
10.0
70.0
10.0
160.0
-20.0
190.0
20.0
30.0
10.0
20.0
196.0
216.0
-10.0
120.0
30.0
109.0
70.0
59.0
20.0
60.0
-10.0
27.0
20.0
48.0
-20.0
80.0
20.0
100.0
-20.0
150.0
49.0
67.0
70.0
100.0
-10.0
40.0
30.0
-10.0
90.0
150.0
97.0
-1.0
67.0
-20.0
-11.0
0.0
120.0
20.0
110.0
40.0
200.0
140.0
20.0
10.0
-10.0
60.0
40.0
100.0
10.0
60.0
58.0
30.0
10.0
79.0
90.0
71.0
0.0
40.0
50.0
70.0
20.0
130.0
70.0
10.0
90.0
-2.0
20.0
30.0
10.0
69.0
50.0
157.0
-20.0
40.0
50.0
50.0
10.0
-20.0
-21.0
17.0
-20.0
-20.0
137.0
30.0
109.0
-10.0
120.0
10.0
40.0
98.0
110.0
-10.0
37.0
76.0
20.0
96.0
20.0
39.0
180.0
19.0
0.0
90.0
40.0
-20.0
-20.0
28.0
179.0
-20.0
80.0
-10.0
20.0
50.0
-20.0
10.0
72.0
105.0
10.0
168.0
20.0
-20.0
70.0
70.0
158.0
28.0
0.0
60.0
10.0
10.0
180.0
220.0
20.0
80.0
188.0
-20.0
153.0
20.0
9.0
160.0
70.0
10.0
90.0
50.0
-10.0
29.0
30.0
170.0
160.0
40.0
120.0
49.0
20.0
197.0
30.0
20.0
48.0
20.0
80.0
42.0
120.0
-10.0
68.0
10.0
90.0
94.0
80.0
10.0
-20.0
20.0
20.0
-20.0
8.0
66.0
-10.0
160.0
30.0
78.0
30.0
10.0
127.0
100.0
159.0
100.0
30.0
-20.0
10.0
10.0
20.0
30.0
10.0
140.0
120.0
179.0
40.0
70.0
90.0
-10.0
-20.0
60.0
158.0
0.0
-1407.0
10.0
20.0
29.0
20.0
70.0
84.0
90.0
-20.0
20.0
-10.0
-20.0
49.0
50.0
0.0
290.0
-10.0
70.0
115.0
-21.0
260.0
110.0
80.0
60.0
70.0
-20.0
30.0
90.0
0.0
120.0
-33.0
40.0
0.0
10.0
-20.0
21.0
37.0
57.0
39.0
169.0
90.0
90.0
10.0
102.0
-20.0
10.0
20.0
70.0
61.0
277.0
40.0
-20.0
80.0
77.0
60.0
-20.0
20.0
50.0
10.0
-20.0
340.0
80.0
0.0
-20.0
-10.0
40.0
28.0
40.0
-20.0
20.0
-20.0
30.0
-20.0
70.0
150.0
50.0
-20.0
-20.0
150.0
0.0
10.0
60.0
80.0
100.0
209.0
-20.0
-10.0
10.0
70.0
20.0
-20.0
49.0
70.0
160.0
30.0
20.0
40.0
160.0
-20.0
10.0
30.0
117.0
20.0
-10.0
50.0
110.0
239.0
30.0
180.0
-20.0
127.0
9.0
20.0
58.0
20.0
210.0
48.0
10.0
109.0
160.0
110.0
31.0
10.0
10.0
29.0
-21.0
90.0
10.0
18.0
0.0
35.0
100.0
63.0
10.0
129.0
40.0
30.0
138.0
10.0
-1.0
-20.0
150.0
50.0
30.0
142.0
16.0
39.0
-20.0
0.0
162.0
57.0
116.0
-20.0
59.0
40.0
140.0
30.0
70.0
110.0
-10.0
-20.0
-4.0
9.0
0.0
20.0
220.0
10.0
30.0
-20.0
30.0
142.0
0.0
50.0
70.0
-20.0
10.0
220.0
190.0
10.0
20.0
80.0
50.0
20.0
220.0
-6.0
49.0
130.0
50.0
110.0
75.0
29.0
50.0
10.0
90.0
89.0
60.0
40.0
120.0
10.0
94.0
10.0
10.0
10.0
18.0
20.0
300.0
19.0
30.0
30.0
10.0
30.0
50.0
-20.0
170.0
10.0
103.0
170.0
10.0
-20.0
14.0
59.0
-20.0
20.0
30.0
34.0
-93.0
8.0
-20.0
59.0
20.0
-20.0
20.0
-10.0
-20.0
-20.0
20.0
130.0
40.0
48.0
134.0
-10.0
-20.0
200.0
49.0
60.0
38.0
-20.0
201.0
140.0
400.0
9.0
330.0
-10.0
-10.0
80.0
-20.0
50.0
-20.0
224.0
48.0
160.0
65.0
9.0
20.0
30.0
0.0
10.0
-10.0
58.0
0.0
10.0
78.0
0.0
210.0
10.0
-20.0
60.0
80.0
10.0
20.0
60.0
0.0
73.0
10.0
-11.0
20.0
-20.0
190.0
129.0
-10.0
60.0
40.0
-10.0
79.0
-20.0
119.0
200.0
90.0
30.0
70.0
50.0
-20.0
40.0
80.0
-20.0
50.0
40.0
0.0
31.0
70.0
70.0
20.0
127.0
-20.0
38.0
30.0
-20.0
90.0
-20.0
20.0
70.0
50.0
-10.0
69.0
150.0
19.0
82.0
148.0
20.0
71.0
30.0
-20.0
70.0
60.0
60.0
120.0
80.0
130.0
10.0
-20.0
70.0
270.0
40.0
0.0
0.0
10.0
-20.0
-10.0
80.0
10.0
30.0
10.0
-20.0
160.0
-20.0
10.0
50.0
30.0
67.0
30.0
10.0
-10.0
60.0
172.0
10.0
49.0
0.0
0.0
-20.0
10.0
27.0
110.0
10.0
-10.0
190.0
70.0
30.0
20.0
50.0
90.0
-10.0
50.0
50.0
200.0
9.0
178.0
20.0
-20.0
60.0
10.0
60.0
200.0
20.0
75.0
50.0
-10.0
40.0
-20.0
-1.0
30.0
-10.0
-20.0
50.0
-20.0
110.0
40.0
30.0
17.0
20.0
20.0
170.0
110.0
-20.0
60.0
-20.0
67.0
108.0
-20.0
110.0
6.0
19.0
40.0
55.0
30.0
120.0
-10.0
10.0
-20.0
65.0
69.0
-10.0
50.0
160.0
13.0
70.0
77.0
50.0
60.0
80.0
-20.0
20.0
40.0
10.0
52.0
85.0
130.0
49.0
105.0
-20.0
40.0
20.0
30.0
80.0
38.0
40.0
28.0
100.0
-20.0
-10.0
30.0
-20.0
50.0
-20.0
100.0
10.0
0.0
18.0
60.0
-20.0
68.0
50.0
70.0
68.0
-20.0
-10.0
27.0
-20.0
-20.0
0.0
50.0
57.0
10.0
80.0
10.0
-10.0
30.0
50.0
0.0
70.0
50.0
-20.0
60.0
176.0
20.0
50.0
10.0
30.0
180.0
-10.0
25.0
67.0
30.0
-20.0
20.0
49.0
58.0
30.0
89.0
30.0
40.0
210.0
140.0
10.0
80.0
10.0
50.0
40.0
40.0
40.0
-10.0
80.0
0.0
150.0
30.0
28.0
70.0
100.0
-20.0
20.0
30.0
117.0
-20.0
-10.0
20.0
40.0
10.0
10.0
-20.0
20.0
-10.0
20.0
-10.0
70.0
10.0
20.0
-20.0
-20.0
20.0
10.0
30.0
40.0
-20.0
-20.0
59.0
20.0
180.0
29.0
200.0
40.0
38.0
10.0
20.0
20.0
30.0
-10.0
-20.0
40.0
-10.0
60.0
10.0
-10.0
10.0
10.0
50.0
49.0
10.0
50.0
10.0
130.0
50.0
-20.0
0.0
40.0
55.0
120.0
190.0
20.0
0.0
108.0
30.0
10.0
-20.0
130.0
30.0
-20.0
10.0
219.0
140.0
10.0
10.0
10.0
90.0
10.0
70.0
110.0
10.0
50.0
10.0
70.0
-20.0
120.0
-1590.0
10.0
64.0
-20.0
19.0
40.0
10.0
70.0
-12.0
30.0
70.0
20.0
10.0
0.0
10.0
80.0
86.0
19.0
10.0
48.0
-20.0
0.0
-10.0
-10.0
-12.0
160.0
0.0
-10.0
49.0
60.0
130.0
130.0
50.0
-10.0
40.0
40.0
60.0
10.0
110.0
30.0
-10.0
10.0
89.0
-20.0
50.0
30.0
10.0
30.0
-20.0
40.0
38.0
69.0
0.0
130.0
80.0
50.0
20.0
0.0
130.0
10.0
40.0
20.0
0.0
-10.0
-20.0
80.0
50.0
0.0
-10.0
89.0
39.0
30.0
10.0
159.0
30.0
35.0
43.0
30.0
39.0
203.0
138.0
-20.0
250.0
185.0
60.0
20.0
-10.0
20.0
-20.0
-20.0
-20.0
20.0
60.0
30.0
120.0
-10.0
140.0
60.0
60.0
-20.0
100.0
149.0
-20.0
10.0
30.0
10.0
10.0
114.0
7.0
-20.0
40.0
70.0
-20.0
40.0
25.0
90.0
-20.0
20.0
20.0
157.0
19.0
10.0
10.0
29.0
19.0
30.0
149.0
-20.0
-20.0
110.0
120.0
49.0
-22.0
0.0
50.0
40.0
67.0
40.0
40.0
-20.0
160.0
0.0
-20.0
100.0
40.0
-11.0
70.0
0.0
-11.0
28.0
0.0
60.0
230.0
160.0
60.0
-20.0
-10.0
180.0
20.0
130.0
40.0
-20.0
140.0
-1.0
-21.0
30.0
40.0
0.0
-11.0
93.0
30.0
20.0
47.0
70.0
-20.0
40.0
49.0
159.0
10.0
10.0
-20.0
-20.0
90.0
20.0
20.0
7.0
-10.0
10.0
-20.0
120.0
110.0
80.0
10.0
40.0
-10.0
40.0
60.0
0.0
190.0
-20.0
70.0
110.0
20.0
50.0
-20.0
175.0
-10.0
50.0
70.0
130.0
280.0
90.0
383.0
-20.0
40.0
250.0
80.0
20.0
130.0
68.0
230.0
30.0
60.0
140.0
54.0
-10.0
58.0
-10.0
-10.0
67.0
20.0
111.0
30.0
49.0
-1.0
-1.0
-20.0
10.0
60.0
160.0
19.0
30.0
30.0
50.0
-20.0
70.0
79.0
50.0
139.0
50.0
20.0
79.0
40.0
50.0
110.0
20.0
227.0
0.0
160.0
10.0
30.0
100.0
50.0
-10.0
100.0
23.0
50.0
64.0
40.0
0.0
99.0
0.0
29.0
50.0
-20.0
80.0
110.0
-20.0
40.0
9.0
51.0
49.0
-20.0
150.0
10.0
40.0
50.0
30.0
8.0
51.0
19.0
20.0
-20.0
40.0
0.0
30.0
190.0
79.0
39.0
-20.0
40.0
40.0
-20.0
10.0
280.0
-10.0
40.0
20.0
80.0
-20.0
166.0
30.0
20.0
20.0
109.0
40.0
30.0
26.0
-1.0
9.0
20.0
160.0
-20.0
-20.0
19.0
20.0
60.0
10.0
-20.0
0.0
98.0
0.0
-21.0
10.0
-20.0
-20.0
-20.0
40.0
190.0
90.0
79.0
60.0
80.0
29.0
190.0
-20.0
50.0
20.0
40.0
30.0
50.0
60.0
10.0
20.0
-10.0
-10.0
40.0
-10.0
80.0
109.0
68.0
38.0
-21.0
10.0
80.0
10.0
220.0
0.0
-20.0
170.0
140.0
-20.0
70.0
269.0
-20.0
60.0
10.0
-20.0
40.0
-20.0
30.0
-10.0
10.0
10.0
9.0
40.0
220.0
-20.0
-20.0
-21.0
0.0
96.0
50.0
270.0
-20.0
30.0
70.0
20.0
129.0
30.0
20.0
-10.0
-20.0
-20.0
69.0
80.0
-10.0
60.0
140.0
70.0
10.0
-2.0
20.0
-20.0
-20.0
30.0
-20.0
207.0
150.0
-10.0
40.0
10.0
70.0
29.0
38.0
30.0
38.0
70.0
10.0
20.0
-10.0
-20.0
0.0
20.0
40.0
0.0
69.0
10.0
-143.0
45.0
68.0
30.0
10.0
97.0
-20.0
-10.0
10.0
60.0
100.0
30.0
260.0
140.0
50.0
83.0
89.0
70.0
-20.0
120.0
10.0
-20.0
50.0
50.0
-20.0
10.0
10.0
-10.0
-20.0
30.0
79.0
10.0
90.0
110.0
-20.0
10.0
10.0
75.0
97.0
0.0
60.0
40.0
-20.0
10.0
-20.0
-20.0
60.0
238.0
20.0
70.0
167.0
70.0
290.0
-10.0
40.0
110.0
70.0
-20.0
-20.0
-20.0
130.0
150.0
99.0
210.0
190.0
120.0
10.0
-20.0
60.0
40.0
50.0
10.0
20.0
60.0
50.0
130.0
30.0
0.0
71.0
0.0
30.0
-20.0
10.0
0.0
10.0
-20.0
90.0
130.0
120.0
10.0
-10.0
140.0
10.0
20.0
0.0
130.0
30.0
-20.0
20.0
60.0
-20.0
68.0
80.0
40.0
9.0
-20.0
40.0
110.0
30.0
19.0
180.0
109.0
162.0
150.0
-20.0
20.0
120.0
0.0
10.0
130.0
50.0
-20.0
10.0
40.0
10.0
60.0
14.0
-20.0
-20.0
100.0
20.0
10.0
10.0
280.0
40.0
80.0
130.0
190.0
47.0
70.0
40.0
10.0
18.0
-10.0
70.0
40.0
0.0
-10.0
48.0
40.0
90.0
259.0
170.0
-20.0
19.0
50.0
50.0
16.0
50.0
40.0
-20.0
47.0
30.0
20.0
100.0
10.0
120.0
80.0
150.0
30.0
45.0
18.0
19.0
40.0
-20.0
-10.0
40.0
36.0
110.0
90.0
-20.0
149.0
10.0
30.0
40.0
46.0
-20.0
10.0
39.0
127.0
-20.0
-20.0
-10.0
30.0
240.0
190.0
69.0
80.0
60.0
-20.0
110.0
10.0
110.0
120.0
0.0
30.0
146.0
50.0
-20.0
20.0
80.0
-10.0
230.0
178.0
10.0
89.0
80.0
160.0
-10.0
0.0
40.0
20.0
50.0
10.0
142.0
170.0
-20.0
80.0
50.0
110.0
100.0
20.0
10.0
63.0
-21.0
80.0
9.0
20.0
20.0
28.0
-20.0
-10.0
29.0
9.0
-20.0
159.0
-10.0
80.0
39.0
70.0
-10.0
110.0
-20.0
0.0
90.0
-10.0
-20.0
60.0
10.0
60.0
40.0
206.0
0.0
20.0
30.0
97.0
20.0
410.0
210.0
10.0
-10.0
-1.0
-20.0
20.0
50.0
40.0
-10.0
10.0
70.0
-20.0
40.0
168.0
-20.0
68.0
30.0
353.0
20.0
40.0
10.0
40.0
-20.0
149.0
141.0
-10.0
50.0
140.0
129.0
-20.0
90.0
10.0
90.0
248.0
60.0
-10.0
98.0
19.0
-10.0
130.0
140.0
90.0
30.0
89.0
-20.0
20.0
60.0
-10.0
80.0
70.0
-20.0
-10.0
30.0
-20.0
0.0
-20.0
110.0
50.0
20.0
-20.0
89.0
10.0
80.0
50.0
-20.0
10.0
-10.0
-20.0
-20.0
119.0
20.0
10.0
30.0
60.0
19.0
190.0
70.0
200.0
69.0
-20.0
30.0
118.0
20.0
88.0
70.0
140.0
120.0
10.0
49.0
-20.0
-20.0
268.0
49.0
80.0
40.0
110.0
10.0
-20.0
-10.0
-20.0
100.0
39.0
69.0
-10.0
7.0
130.0
40.0
70.0
110.0
10.0
130.0
200.0
30.0
20.0
30.0
160.0
30.0
30.0
40.0
60.0
0.0
-20.0
0.0
90.0
-20.0
20.0
-20.0
50.0
-20.0
20.0
90.0
1.0
69.0
10.0
40.0
-10.0
40.0
70.0
-20.0
20.0
80.0
10.0
-20.0
368.0
60.0
10.0
51.0
30.0
20.0
99.0
110.0
-10.0
-20.0
9.0
-20.0
40.0
40.0
80.0
60.0
-21.0
-20.0
20.0
0.0
0.0
-10.0
80.0
-20.0
