-271.0
-78.0
-704.0
-529.0
-21.0
-1306.0
-1150.0
-21.0
-537.0
-21.0
-874.0
-22.0
-593.0
-22.0
-919.0
-21.0
-803.0
-873.0
-21.0
-289.0
-21.0
-1030.0
-24.0
-1973.0
-24.0
-1194.0
-21.0
-22.0
-1182.0
-21.0
-1073.0
-285.0
-22.0
-1263.0
-1451.0
-1170.0
-1574.0
-22.0
-582.0
-1563.0
-22.0
-626.0
-22.0
-737.0
-1000.0
-21.0
-642.0
-7.0
-1158.0
-24.0
-1485.0
-24.0
-153.0
-21.0
-20.0
-414.0
-21.0
-1648.0
-22.0
-1319.0
-519.0
-10.0
-824.0
-1135.0
-22.0
-905.0
-21.0
-774.0
-785.0
-611.0
0.0
-650.0
-992.0
-21.0
3.0
-1220.0
-22.0
-1458.0
-727.0
-866.0
-24.0
-850.0
-742.0
-22.0
-839.0
-22.0
-20.0
-535.0
-680.0
-22.0
-714.0
-22.0
-701.0
-10.0
-1055.0
-1179.0
-21.0
-732.0
-363.0
-21.0
-401.0
-522.0
-1158.0
-582.0
-22.0
-22.0
-1303.0
-22.0
-1096.0
-1458.0
-24.0
-907.0
-493.0
-770.0
-549.0
-2571.0
-23.0
-4.0
-10.0
37.0
32.0
-20.0
27.0
-258.0
-21.0
-214.0
-195.0
-438.0
-21.0
-691.0
-21.0
-4.0
10.0
-76.0
-5.0
-354.0
-21.0
-23.0
-21.0
-20.0
-73.0
-583.0
-600.0
-803.0
-1438.0
-22.0
0.0
-336.0
-676.0
-932.0
-501.0
-21.0
-21.0
-1132.0
28.0
-338.0
-10.0
-20.0
-313.0
-21.0
-576.0
-2.0
-331.0
-22.0
-405.0
-21.0
0.0
-313.0
-662.0
-2.0
-20.0
5.0
-1474.0
-565.0
-22.0
-17.0
-20.0
-936.0
-1156.0
-1018.0
-10.0
0.0
-893.0
-21.0
-934.0
-1181.0
-22.0
1.0
-293.0
-1125.0
-668.0
-20.0
1.0
-20.0
-554.0
-517.0
-22.0
-118.0
-588.0
-20.0
-973.0
-562.0
-1595.0
-22.0
-452.0
-21.0
-118.0
-21.0
-20.0
-46.0
-21.0
-826.0
-575.0
8.0
-20.0
-72.0
-20.0
-910.0
-1357.0
-639.0
-22.0
-982.0
-967.0
-20.0
-917.0
0.0
-624.0
-21.0
-241.0
-728.0
-21.0
-1088.0
-907.0
10.0
-494.0
-21.0
3.0
-799.0
-1.0
-20.0
-1630.0
-24.0
-739.0
-21.0
-464.0
-534.0
-22.0
-674.0
-22.0
-255.0
-553.0
-21.0
10.0
39.0
10.0
-471.0
-21.0
-762.0
-334.0
-21.0
-468.0
-480.0
3.0
-20.0
-238.0
18.0
-755.0
7.0
-482.0
-581.0
-639.0
-21.0
-369.0
-21.0
-891.0
-118.0
-454.0
-825.0
10.0
-103.0
-880.0
-22.0
3.0
-124.0
-20.0
-36.0
-541.0
-22.0
-842.0
-21.0
-20.0
-947.0
-21.0
-160.0
-11.0
-10.0
-11.0
-38.0
43.0
10.0
-95.0
-613.0
30.0
-20.0
-1.0
-20.0
-266.0
-21.0
-10.0
-21.0
-343.0
-1297.0
-22.0
-20.0
-20.0
-288.0
-21.0
-329.0
-21.0
-20.0
0.0
-10.0
-20.0
-201.0
-20.0
-10.0
56.0
-20.0
-52.0
-10.0
-216.0
-44.0
-21.0
-20.0
-202.0
-645.0
-21.0
-6.0
-20.0
19.0
-112.0
-20.0
65.0
28.0
-429.0
9.0
-207.0
-7.0
-714.0
-242.0
-436.0
-21.0
50.0
35.0
-40.0
0.0
20.0
-20.0
-37.0
89.0
-20.0
10.0
19.0
36.0
-18.0
25.0
-20.0
-140.0
57.0
26.0
27.0
-20.0
-433.0
-21.0
29.0
-2.0
-11.0
4.0
-14.0
-20.0
0.0
10.0
-106.0
-20.0
-1.0
-20.0
0.0
-20.0
-23.0
6.0
-20.0
-20.0
-20.0
7.0
-226.0
-21.0
34.0
-55.0
76.0
-20.0
-181.0
-5.0
39.0
-21.0
-122.0
-249.0
-1.0
-203.0
-1.0
39.0
0.0
-20.0
10.0
29.0
-20.0
-171.0
-124.0
19.0
-20.0
0.0
-20.0
80.0
-20.0
-20.0
40.0
10.0
10.0
-2.0
39.0
-10.0
-3.0
-21.0
-20.0
40.0
59.0
-10.0
17.0
-324.0
-20.0
70.0
-20.0
-10.0
40.0
0.0
40.0
-20.0
-21.0
19.0
58.0
-20.0
89.0
-20.0
-12.0
114.0
-20.0
39.0
-20.0
30.0
27.0
-23.0
-282.0
3.0
10.0
10.0
-4.0
-20.0
28.0
-20.0
95.0
16.0
-20.0
70.0
-20.0
58.0
-20.0
-20.0
-1.0
0.0
58.0
-20.0
-20.0
2.0
-20.0
-20.0
-2.0
32.0
-21.0
20.0
-10.0
20.0
-20.0
0.0
-20.0
0.0
0.0
9.0
40.0
20.0
29.0
10.0
47.0
30.0
8.0
0.0
97.0
8.0
29.0
-20.0
19.0
-20.0
19.0
-10.0
10.0
108.0
-1.0
-21.0
29.0
-13.0
10.0
-2.0
-20.0
105.0
-20.0
36.0
136.0
99.0
249.0
10.0
35.0
14.0
80.0
7.0
-20.0
37.0
102.0
39.0
-20.0
21.0
-20.0
0.0
78.0
-29.0
46.0
40.0
-10.0
19.0
19.0
-20.0
-18.0
18.0
-20.0
-22.0
8.0
-20.0
47.0
49.0
0.0
10.0
30.0
-20.0
40.0
-20.0
-139.0
-10.0
3.0
180.0
-1223.0
10.0
-20.0
119.0
30.0
-10.0
28.0
0.0
50.0
39.0
-11.0
10.0
179.0
50.0
-20.0
0.0
-20.0
-223.0
-10.0
-2.0
139.0
40.0
-10.0
40.0
0.0
155.0
75.0
40.0
-20.0
-1.0
-20.0
-20.0
20.0
-20.0
88.0
69.0
-20.0
17.0
-20.0
10.0
-20.0
69.0
-10.0
49.0
-709.0
-22.0
0.0
0.0
-20.0
-10.0
-20.0
20.0
150.0
44.0
-20.0
-20.0
46.0
20.0
-10.0
-20.0
68.0
95.0
-14.0
-20.0
9.0
69.0
-20.0
7.0
-20.0
0.0
70.0
76.0
-20.0
27.0
10.0
0.0
47.0
-5.0
-20.0
0.0
10.0
78.0
20.0
-20.0
80.0
-20.0
35.0
20.0
-20.0
138.0
0.0
20.0
110.0
0.0
69.0
0.0
-65.0
49.0
17.0
-20.0
0.0
-86.0
79.0
-46.0
-22.0
-10.0
55.0
-20.0
-10.0
38.0
50.0
0.0
-10.0
-20.0
109.0
-21.0
20.0
-10.0
59.0
50.0
-20.0
40.0
49.0
20.0
-20.0
30.0
-38.0
72.0
90.0
20.0
-20.0
-20.0
-20.0
30.0
70.0
10.0
-10.0
105.0
-20.0
137.0
-10.0
28.0
-20.0
36.0
-20.0
10.0
45.0
8.0
-20.0
0.0
29.0
20.0
10.0
10.0
-20.0
38.0
-10.0
-20.0
20.0
72.0
83.0
-10.0
-20.0
-20.0
19.0
8.0
-20.0
59.0
-20.0
30.0
19.0
10.0
-20.0
-10.0
0.0
58.0
-10.0
165.0
9.0
-20.0
-20.0
10.0
29.0
-20.0
-20.0
27.0
28.0
70.0
-5.0
60.0
-10.0
10.0
60.0
-267.0
-21.0
87.0
-20.0
10.0
0.0
0.0
-20.0
86.0
108.0
-10.0
30.0
40.0
94.0
20.0
-20.0
40.0
18.0
60.0
100.0
110.0
60.0
16.0
-20.0
9.0
10.0
0.0
187.0
38.0
-10.0
30.0
56.0
-10.0
20.0
10.0
-104.0
-21.0
-2.0
60.0
35.0
-3.0
-10.0
20.0
28.0
56.0
10.0
50.0
86.0
187.0
-20.0
36.0
-20.0
20.0
-20.0
39.0
18.0
-20.0
26.0
100.0
-258.0
-1.0
90.0
59.0
50.0
-20.0
10.0
10.0
-21.0
50.0
-20.0
29.0
130.0
-20.0
10.0
-20.0
-2.0
50.0
-20.0
15.0
-20.0
-192.0
-3.0
-20.0
20.0
-20.0
210.0
-273.0
-22.0
-20.0
-20.0
107.0
-20.0
-10.0
20.0
155.0
30.0
30.0
262.0
43.0
-20.0
0.0
70.0
100.0
-20.0
0.0
-10.0
69.0
99.0
40.0
10.0
-20.0
-996.0
0.0
40.0
-10.0
20.0
-20.0
-1.0
20.0
-20.0
49.0
-20.0
75.0
80.0
157.0
-20.0
-20.0
17.0
-20.0
10.0
30.0
179.0
88.0
140.0
-10.0
80.0
0.0
0.0
15.0
7.0
10.0
20.0
0.0
0.0
8.0
-10.0
10.0
-1140.0
-24.0
-10.0
-10.0
86.0
6.0
60.0
-20.0
30.0
20.0
-20.0
117.0
-20.0
20.0
-20.0
-20.0
0.0
70.0
10.0
280.0
30.0
-10.0
-10.0
-20.0
10.0
-10.0
-20.0
0.0
-20.0
68.0
9.0
0.0
29.0
-10.0
8.0
190.0
-20.0
0.0
-106.0
10.0
-20.0
40.0
20.0
-20.0
160.0
60.0
-20.0
18.0
-10.0
176.0
20.0
-20.0
20.0
40.0
40.0
-20.0
100.0
-10.0
8.0
-10.0
0.0
0.0
-20.0
80.0
-20.0
20.0
180.0
40.0
0.0
-10.0
30.0
-1.0
-2.0
10.0
9.0
100.0
-20.0
0.0
0.0
-20.0
-21.0
30.0
-20.0
-20.0
20.0
50.0
-10.0
10.0
-10.0
60.0
-10.0
60.0
49.0
-20.0
-1075.0
-23.0
-23.0
10.0
70.0
-20.0
40.0
0.0
30.0
-10.0
10.0
-10.0
50.0
0.0
0.0
-20.0
90.0
10.0
70.0
10.0
-20.0
-20.0
20.0
-20.0
0.0
-20.0
-134.0
250.0
0.0
0.0
-20.0
10.0
40.0
-20.0
-20.0
-10.0
20.0
-20.0
-10.0
30.0
0.0
10.0
10.0
9.0
10.0
0.0
-10.0
-20.0
10.0
20.0
6.0
-20.0
20.0
110.0
-20.0
10.0
50.0
-20.0
70.0
70.0
-20.0
-20.0
100.0
39.0
-20.0
40.0
20.0
30.0
-20.0
10.0
39.0
-20.0
-20.0
-1.0
40.0
-10.0
-20.0
-10.0
20.0
-20.0
-10.0
10.0
10.0
60.0
-20.0
50.0
29.0
0.0
-10.0
-20.0
-20.0
0.0
-2059.0
-23.0
-20.0
30.0
10.0
0.0
-20.0
20.0
8.0
50.0
70.0
-10.0
30.0
20.0
10.0
20.0
20.0
-10.0
30.0
0.0
-10.0
-20.0
17.0
40.0
0.0
-87.0
-22.0
90.0
100.0
-20.0
40.0
30.0
-10.0
0.0
0.0
40.0
-10.0
-268.0
-10.0
37.0
50.0
-10.0
0.0
40.0
10.0
20.0
20.0
10.0
20.0
10.0
-20.0
90.0
-10.0
-10.0
10.0
-20.0
-20.0
14.0
10.0
-20.0
-20.0
0.0
-20.0
0.0
30.0
-20.0
20.0
0.0
-59.0
-20.0
175.0
-20.0
-21.0
88.0
-20.0
-20.0
-20.0
-313.0
159.0
10.0
-10.0
-20.0
20.0
-20.0
70.0
20.0
-673.0
-1.0
40.0
-20.0
0.0
0.0
210.0
18.0
0.0
8.0
-10.0
10.0
-97.0
-21.0
20.0
209.0
76.0
40.0
50.0
-324.0
50.0
99.0
-1.0
-20.0
-20.0
127.0
18.0
99.0
-20.0
89.0
-10.0
10.0
-10.0
-20.0
-12.0
-10.0
20.0
69.0
129.0
94.0
9.0
-1.0
-20.0
-20.0
60.0
-20.0
-10.0
-20.0
70.0
80.0
-20.0
99.0
-10.0
50.0
0.0
50.0
-20.0
119.0
-20.0
-20.0
20.0
-20.0
-10.0
-20.0
-20.0
247.0
30.0
79.0
-20.0
20.0
-20.0
0.0
20.0
90.0
0.0
0.0
48.0
20.0
-67.0
-20.0
30.0
-20.0
20.0
-20.0
10.0
-20.0
20.0
10.0
-10.0
-20.0
-20.0
-20.0
40.0
-10.0
98.0
20.0
-20.0
-20.0
10.0
48.0
309.0
-2.0
10.0
-10.0
-20.0
102.0
0.0
70.0
0.0
-20.0
20.0
20.0
-20.0
-553.0
-20.0
-10.0
-3.0
-20.0
-10.0
-615.0
-20.0
10.0
10.0
-10.0
90.0
140.0
54.0
-20.0
-20.0
10.0
-10.0
-10.0
-20.0
139.0
20.0
97.0
0.0
-10.0
0.0
30.0
9.0
18.0
51.0
20.0
19.0
0.0
-4.0
-20.0
88.0
-20.0
0.0
70.0
30.0
-514.0
85.0
-20.0
20.0
-20.0
80.0
50.0
118.0
-20.0
40.0
10.0
-20.0
10.0
-20.0
-11.0
20.0
-10.0
9.0
229.0
179.0
10.0
189.0
50.0
-396.0
47.0
88.0
-10.0
40.0
14.0
10.0
50.0
0.0
130.0
9.0
0.0
19.0
-20.0
20.0
-20.0
10.0
-20.0
10.0
0.0
170.0
69.0
-20.0
60.0
-20.0
10.0
70.0
20.0
139.0
120.0
-20.0
48.0
-20.0
18.0
60.0
-28.0
10.0
20.0
-20.0
70.0
20.0
9.0
79.0
-20.0
-10.0
19.0
159.0
30.0
30.0
0.0
60.0
50.0
319.0
-20.0
-20.0
-10.0
70.0
-20.0
0.0
0.0
56.0
0.0
0.0
80.0
10.0
-20.0
20.0
0.0
76.0
-20.0
0.0
36.0
37.0
59.0
-10.0
108.0
9.0
-1.0
49.0
-20.0
-22.0
-1250.0
-20.0
29.0
-20.0
27.0
19.0
-20.0
60.0
-20.0
-20.0
7.0
10.0
114.0
240.0
46.0
85.0
-20.0
47.0
-21.0
13.0
-10.0
16.0
-20.0
48.0
-20.0
30.0
17.0
-420.0
-44.0
10.0
-20.0
-20.0
0.0
69.0
140.0
-20.0
10.0
-47.0
-20.0
52.0
10.0
-20.0
180.0
-593.0
9.0
148.0
20.0
13.0
100.0
-20.0
-32.0
-20.0
-20.0
9.0
92.0
89.0
-20.0
10.0
-13.0
29.0
-20.0
19.0
67.0
50.0
112.0
0.0
0.0
30.0
-10.0
10.0
100.0
10.0
30.0
10.0
-10.0
0.0
-20.0
78.0
0.0
10.0
-20.0
50.0
9.0
130.0
0.0
100.0
80.0
-20.0
70.0
30.0
58.0
16.0
-10.0
10.0
-10.0
29.0
-20.0
80.0
130.0
-20.0
110.0
-20.0
150.0
0.0
9.0
-20.0
139.0
-20.0
-984.0
-3.0
-929.0
80.0
-20.0
139.0
60.0
40.0
-10.0
80.0
58.0
50.0
79.0
50.0
0.0
10.0
10.0
60.0
-20.0
10.0
-20.0
-20.0
97.0
-20.0
-20.0
0.0
10.0
120.0
-10.0
10.0
120.0
0.0
10.0
19.0
10.0
-147.0
30.0
20.0
140.0
-20.0
40.0
-20.0
-20.0
20.0
50.0
30.0
120.0
-12.0
-2.0
320.0
-3187.0
20.0
19.0
-20.0
60.0
140.0
80.0
75.0
-10.0
0.0
-20.0
10.0
27.0
-10.0
59.0
160.0
-10.0
110.0
-20.0
100.0
-20.0
230.0
-20.0
-10.0
20.0
0.0
-20.0
121.0
40.0
-20.0
0.0
30.0
-271.0
70.0
-20.0
-20.0
59.0
-20.0
20.0
70.0
40.0
-20.0
40.0
20.0
-20.0
-20.0
190.0
50.0
90.0
270.0
10.0
-20.0
-20.0
50.0
-20.0
136.0
-10.0
0.0
10.0
10.0
10.0
-10.0
-10.0
-20.0
30.0
70.0
30.0
0.0
70.0
40.0
6.0
30.0
-20.0
60.0
0.0
-10.0
-20.0
30.0
10.0
70.0
30.0
40.0
-20.0
60.0
70.0
-20.0
60.0
210.0
-2062.0
-26.0
48.0
-20.0
50.0
-10.0
-150.0
30.0
-20.0
30.0
9.0
20.0
-11.0
60.0
10.0
10.0
-20.0
290.0
-20.0
50.0
20.0
20.0
180.0
177.0
0.0
-10.0
0.0
40.0
120.0
75.0
20.0
-20.0
10.0
-10.0
-10.0
20.0
-20.0
-1.0
-10.0
-20.0
30.0
0.0
0.0
10.0
70.0
70.0
-20.0
10.0
130.0
80.0
60.0
-20.0
-130.0
-891.0
0.0
30.0
10.0
30.0
69.0
-20.0
-20.0
10.0
-20.0
-20.0
10.0
30.0
240.0
-20.0
-10.0
90.0
-20.0
0.0
-20.0
-10.0
20.0
70.0
0.0
-20.0
-20.0
-238.0
9.0
120.0
-20.0
40.0
180.0
-20.0
70.0
-20.0
-20.0
-20.0
50.0
-10.0
20.0
-20.0
80.0
10.0
-10.0
-10.0
59.0
27.0
35.0
40.0
0.0
169.0
-20.0
110.0
-20.0
30.0
100.0
50.0
40.0
-10.0
99.0
290.0
-20.0
149.0
10.0
80.0
-10.0
30.0
30.0
-20.0
59.0
40.0
-20.0
60.0
10.0
-95.0
-21.0
-20.0
-20.0
68.0
19.0
-10.0
130.0
-10.0
20.0
-20.0
-20.0
10.0
125.0
-20.0
-20.0
-20.0
40.0
110.0
70.0
0.0
70.0
60.0
-20.0
-20.0
40.0
40.0
20.0
20.0
-20.0
30.0
30.0
20.0
-10.0
150.0
40.0
-20.0
-20.0
-10.0
-20.0
-10.0
40.0
-20.0
-20.0
29.0
10.0
30.0
10.0
129.0
70.0
50.0
20.0
60.0
-20.0
0.0
249.0
40.0
-85.0
-10.0
-20.0
79.0
0.0
-20.0
10.0
80.0
-20.0
50.0
120.0
-10.0
-20.0
0.0
-20.0
0.0
10.0
20.0
10.0
10.0
-20.0
0.0
-20.0
60.0
110.0
220.0
-10.0
20.0
-20.0
90.0
119.0
-21.0
0.0
-20.0
10.0
20.0
10.0
19.0
120.0
307.0
0.0
-20.0
139.0
10.0
190.0
40.0
58.0
77.0
199.0
30.0
0.0
-20.0
-20.0
8.0
27.0
90.0
-20.0
130.0
-10.0
0.0
69.0
19.0
179.0
20.0
0.0
80.0
70.0
10.0
40.0
10.0
50.0
-20.0
-10.0
10.0
100.0
60.0
40.0
-20.0
79.0
-20.0
79.0
58.0
-20.0
-20.0
-20.0
-10.0
-20.0
99.0
-20.0
10.0
36.0
-20.0
10.0
10.0
30.0
67.0
70.0
-1.0
0.0
90.0
-20.0
70.0
-20.0
0.0
-20.0
40.0
40.0
0.0
60.0
18.0
-20.0
160.0
50.0
20.0
-10.0
0.0
20.0
60.0
-20.0
29.0
30.0
-20.0
19.0
60.0
-20.0
170.0
79.0
50.0
10.0
170.0
-20.0
60.0
10.0
-20.0
80.0
10.0
19.0
-20.0
20.0
-20.0
0.0
-10.0
-20.0
-20.0
89.0
170.0
10.0
30.0
-20.0
8.0
-21.0
20.0
-10.0
19.0
0.0
-20.0
-38.0
-20.0
-22.0
-20.0
-20.0
-20.0
169.0
110.0
30.0
278.0
10.0
-20.0
248.0
20.0
-10.0
-10.0
79.0
40.0
40.0
118.0
130.0
-20.0
70.0
-20.0
10.0
0.0
0.0
30.0
-20.0
90.0
210.0
-10.0
-10.0
138.0
-20.0
-10.0
120.0
-263.0
70.0
80.0
30.0
50.0
0.0
110.0
-20.0
67.0
60.0
-1.0
0.0
100.0
20.0
70.0
0.0
40.0
90.0
-20.0
139.0
-20.0
40.0
-101.0
-20.0
119.0
99.0
80.0
100.0
20.0
0.0
-207.0
90.0
20.0
-20.0
10.0
10.0
-20.0
8.0
80.0
-20.0
19.0
10.0
-10.0
30.0
130.0
17.0
-20.0
10.0
-20.0
-20.0
0.0
70.0
39.0
-20.0
139.0
10.0
30.0
149.0
0.0
10.0
-10.0
29.0
80.0
0.0
10.0
114.0
-20.0
39.0
89.0
-20.0
-20.0
109.0
59.0
110.0
30.0
180.0
119.0
-10.0
-20.0
0.0
30.0
20.0
-10.0
9.0
118.0
70.0
87.0
122.0
-21.0
-20.0
-20.0
-20.0
180.0
-1.0
80.0
-20.0
60.0
120.0
-20.0
-10.0
-324.0
-14.0
-20.0
130.0
-361.0
0.0
-20.0
138.0
134.0
30.0
40.0
-20.0
60.0
130.0
14.0
109.0
49.0
50.0
-20.0
-20.0
-20.0
39.0
-20.0
30.0
-20.0
150.0
39.0
-20.0
20.0
90.0
20.0
20.0
-20.0
80.0
30.0
0.0
10.0
-20.0
80.0
0.0
-20.0
80.0
-20.0
-20.0
150.0
53.0
-22.0
-20.0
-14.0
-20.0
44.0
-21.0
67.0
50.0
49.0
-20.0
-20.0
0.0
-20.0
40.0
340.0
110.0
70.0
-20.0
-10.0
100.0
10.0
149.0
0.0
-10.0
50.0
10.0
70.0
-20.0
9.0
-20.0
-10.0
10.0
10.0
141.0
-1.0
190.0
-20.0
99.0
-20.0
10.0
50.0
29.0
29.0
10.0
10.0
90.0
-20.0
-10.0
10.0
210.0
-20.0
-20.0
0.0
130.0
0.0
-20.0
20.0
-146.0
-104.0
-20.0
60.0
-20.0
50.0
18.0
40.0
30.0
80.0
30.0
-10.0
19.0
-20.0
-10.0
10.0
10.0
-10.0
10.0
0.0
40.0
10.0
100.0
-10.0
-10.0
-20.0
0.0
0.0
100.0
-20.0
115.0
-21.0
-10.0
-10.0
-60.0
60.0
10.0
9.0
30.0
160.0
-10.0
10.0
-20.0
90.0
0.0
60.0
0.0
-20.0
20.0
130.0
60.0
20.0
20.0
-20.0
70.0
70.0
-10.0
40.0
60.0
-20.0
80.0
-20.0
79.0
-10.0
-10.0
-10.0
40.0
20.0
170.0
136.0
200.0
100.0
-10.0
10.0
50.0
60.0
0.0
-20.0
20.0
-5.0
20.0
0.0
10.0
10.0
0.0
15.0
0.0
-20.0
-20.0
10.0
69.0
40.0
50.0
9.0
-10.0
20.0
-20.0
-20.0
-20.0
-20.0
-10.0
-10.0
-20.0
159.0
-20.0
-21.0
30.0
70.0
50.0
-20.0
30.0
10.0
-20.0
-20.0
30.0
40.0
139.0
-20.0
-20.0
50.0
-10.0
0.0
20.0
20.0
-20.0
-20.0
-20.0
10.0
-20.0
88.0
110.0
-2397.0
-23.0
-23.0
0.0
-20.0
10.0
0.0
0.0
24.0
200.0
-20.0
30.0
-370.0
-21.0
70.0
-20.0
40.0
20.0
-20.0
20.0
89.0
10.0
-20.0
110.0
20.0
30.0
-20.0
10.0
-10.0
50.0
20.0
30.0
-20.0
10.0
10.0
30.0
20.0
80.0
20.0
40.0
80.0
10.0
59.0
50.0
-20.0
0.0
-20.0
-20.0
20.0
40.0
50.0
110.0
-10.0
40.0
40.0
39.0
-20.0
10.0
-10.0
20.0
10.0
27.0
0.0
50.0
180.0
-10.0
100.0
30.0
10.0
-20.0
7.0
-20.0
110.0
-20.0
-20.0
10.0
30.0
40.0
-20.0
90.0
-20.0
-10.0
30.0
30.0
-97.0
-9.0
-20.0
250.0
50.0
50.0
50.0
-20.0
-20.0
-20.0
0.0
10.0
100.0
60.0
73.0
-20.0
40.0
10.0
100.0
10.0
70.0
0.0
-20.0
-10.0
170.0
-20.0
10.0
-20.0
-20.0
70.0
10.0
60.0
10.0
0.0
10.0
-20.0
0.0
59.0
80.0
0.0
40.0
-278.0
0.0
-20.0
-20.0
-20.0
10.0
-10.0
-20.0
10.0
20.0
40.0
-10.0
130.0
10.0
49.0
-20.0
130.0
69.0
-20.0
70.0
-20.0
120.0
10.0
0.0
218.0
10.0
120.0
70.0
-20.0
30.0
-10.0
89.0
90.0
60.0
170.0
10.0
-20.0
-10.0
20.0
-20.0
50.0
-20.0
10.0
40.0
20.0
-10.0
0.0
70.0
60.0
40.0
130.0
-10.0
-20.0
-10.0
-10.0
-20.0
10.0
-20.0
-10.0
10.0
44.0
-20.0
-426.0
-20.0
30.0
-21.0
-20.0
90.0
-10.0
-10.0
40.0
120.0
-10.0
90.0
-20.0
9.0
90.0
110.0
40.0
70.0
-11.0
-20.0
70.0
89.0
120.0
-20.0
-20.0
0.0
50.0
30.0
-20.0
70.0
20.0
-10.0
-508.0
-2.0
129.0
30.0
-20.0
10.0
10.0
0.0
48.0
40.0
-20.0
120.0
0.0
70.0
10.0
190.0
7.0
-20.0
-10.0
10.0
20.0
0.0
-20.0
0.0
40.0
68.0
-20.0
90.0
50.0
10.0
20.0
123.0
-20.0
-20.0
-10.0
-20.0
265.0
-20.0
-10.0
-141.0
-21.0
140.0
100.0
100.0
10.0
-10.0
0.0
70.0
40.0
30.0
100.0
100.0
-10.0
20.0
50.0
10.0
30.0
29.0
10.0
110.0
-20.0
130.0
40.0
-20.0
70.0
-20.0
0.0
-20.0
0.0
-10.0
60.0
-20.0
0.0
-20.0
70.0
60.0
40.0
0.0
10.0
-10.0
50.0
10.0
59.0
60.0
10.0
20.0
18.0
-56.0
-20.0
19.0
-20.0
40.0
60.0
160.0
-20.0
60.0
-10.0
10.0
70.0
60.0
-20.0
240.0
20.0
-20.0
-10.0
-20.0
10.0
-10.0
0.0
-20.0
50.0
10.0
10.0
-20.0
60.0
39.0
10.0
-94.0
-22.0
50.0
-20.0
-20.0
0.0
-10.0
90.0
60.0
42.0
-20.0
39.0
-20.0
10.0
20.0
-20.0
-20.0
20.0
-10.0
30.0
20.0
70.0
0.0
156.0
50.0
40.0
0.0
-20.0
-20.0
10.0
70.0
60.0
40.0
30.0
39.0
50.0
-10.0
30.0
-10.0
189.0
70.0
-1.0
-20.0
-20.0
80.0
0.0
10.0
10.0
0.0
60.0
-168.0
50.0
-20.0
-10.0
169.0
60.0
10.0
10.0
50.0
-10.0
-10.0
50.0
0.0
20.0
20.0
78.0
10.0
70.0
-20.0
70.0
44.0
0.0
30.0
-20.0
-20.0
10.0
190.0
-20.0
50.0
10.0
19.0
-20.0
80.0
0.0
10.0
-20.0
10.0
20.0
-10.0
-20.0
30.0
-20.0
178.0
60.0
-10.0
20.0
103.0
-20.0
10.0
-20.0
70.0
-20.0
20.0
-20.0
28.0
65.0
120.0
60.0
0.0
10.0
10.0
20.0
40.0
-20.0
30.0
119.0
-20.0
49.0
20.0
10.0
48.0
100.0
10.0
110.0
10.0
-20.0
20.0
0.0
30.0
50.0
-20.0
-20.0
0.0
26.0
-21.0
-1.0
-20.0
20.0
0.0
-20.0
-10.0
30.0
30.0
0.0
20.0
10.0
-317.0
-20.0
40.0
-10.0
140.0
0.0
139.0
10.0
-10.0
-10.0
130.0
0.0
-17.0
-20.0
250.0
40.0
-20.0
-20.0
20.0
50.0
-20.0
110.0
130.0
-20.0
20.0
-20.0
-10.0
30.0
20.0
58.0
125.0
-20.0
40.0
-10.0
-20.0
80.0
69.0
80.0
40.0
-20.0
159.0
10.0
-10.0
-20.0
200.0
0.0
50.0
-20.0
0.0
-20.0
-20.0
80.0
-20.0
37.0
-20.0
-158.0
20.0
30.0
-20.0
11.0
-20.0
156.0
30.0
19.0
59.0
59.0
64.0
-10.0
-20.0
10.0
-20.0
20.0
10.0
0.0
50.0
-20.0
30.0
-1.0
-20.0
-20.0
-10.0
189.0
-20.0
109.0
59.0
-10.0
30.0
10.0
107.0
30.0
120.0
-10.0
20.0
12.0
-21.0
-20.0
-10.0
30.0
130.0
-10.0
-10.0
-20.0
-10.0
40.0
130.0
96.0
-20.0
0.0
-20.0
110.0
-47.0
-22.0
166.0
-10.0
-2.0
-11.0
40.0
-10.0
70.0
-10.0
-20.0
-420.0
-92.0
10.0
-20.0
9.0
20.0
36.0
-22.0
20.0
90.0
-10.0
-10.0
9.0
130.0
40.0
-20.0
49.0
110.0
-20.0
30.0
-20.0
10.0
8.0
-20.0
30.0
-20.0
0.0
-10.0
30.0
-10.0
50.0
40.0
30.0
10.0
-10.0
-20.0
56.0
-20.0
53.0
-22.0
-10.0
-10.0
60.0
-20.0
-10.0
-20.0
170.0
20.0
-10.0
-20.0
50.0
60.0
10.0
-20.0
9.0
-20.0
50.0
20.0
70.0
0.0
-10.0
20.0
50.0
-20.0
50.0
0.0
0.0
98.0
30.0
-20.0
30.0
10.0
-10.0
10.0
-20.0
57.0
-10.0
-20.0
25.0
-269.0
-20.0
-20.0
4.0
37.0
138.0
50.0
0.0
40.0
10.0
0.0
58.0
-10.0
-10.0
138.0
20.0
10.0
83.0
-10.0
-20.0
-20.0
8.0
-20.0
80.0
-10.0
39.0
70.0
100.0
-20.0
98.0
40.0
-10.0
-20.0
30.0
-10.0
-21.0
20.0
71.0
-20.0
200.0
0.0
10.0
-20.0
0.0
100.0
10.0
-20.0
170.0
10.0
20.0
-20.0
30.0
20.0
50.0
10.0
43.0
0.0
150.0
-20.0
90.0
-20.0
20.0
49.0
90.0
-20.0
4.0
150.0
-20.0
-10.0
40.0
23.0
-20.0
-20.0
53.0
49.0
90.0
-317.0
-20.0
-20.0
20.0
65.0
55.0
49.0
-10.0
59.0
30.0
17.0
0.0
18.0
-20.0
-20.0
60.0
60.0
-20.0
0.0
-20.0
10.0
10.0
20.0
20.0
20.0
40.0
30.0
20.0
-17.0
8.0
-20.0
0.0
-20.0
-298.0
-20.0
69.0
150.0
190.0
-20.0
-20.0
20.0
60.0
-10.0
90.0
0.0
7.0
-20.0
54.0
-10.0
40.0
-20.0
49.0
-10.0
-20.0
165.0
40.0
-20.0
-2880.0
-24.0
30.0
30.0
0.0
90.0
130.0
-21.0
-243.0
-20.0
0.0
-20.0
0.0
120.0
-20.0
50.0
40.0
38.0
20.0
-20.0
29.0
-567.0
-21.0
20.0
40.0
10.0
88.0
128.0
-20.0
-20.0
-10.0
50.0
60.0
-20.0
10.0
-20.0
0.0
-20.0
20.0
-305.0
100.0
119.0
10.0
0.0
-20.0
-20.0
30.0
20.0
-20.0
20.0
-20.0
-1.0
7.0
-21.0
10.0
40.0
310.0
20.0
-20.0
10.0
50.0
-25.0
-2680.0
-20.0
-20.0
49.0
-10.0
10.0
-20.0
-20.0
40.0
40.0
0.0
30.0
60.0
0.0
89.0
20.0
-20.0
-111.0
-20.0
-10.0
-20.0
70.0
50.0
70.0
29.0
50.0
10.0
80.0
30.0
-11.0
-20.0
156.0
-20.0
10.0
20.0
50.0
-20.0
120.0
0.0
-20.0
-14.0
-24.0
50.0
199.0
0.0
40.0
30.0
-20.0
20.0
150.0
-43.0
-10.0
68.0
70.0
69.0
-20.0
50.0
90.0
0.0
69.0
-20.0
-12.0
0.0
-10.0
-20.0
59.0
30.0
60.0
-10.0
-10.0
10.0
60.0
20.0
121.0
90.0
-10.0
0.0
-20.0
29.0
-20.0
10.0
40.0
100.0
-10.0
-20.0
90.0
-140.0
39.0
-10.0
10.0
-20.0
10.0
20.0
29.0
40.0
0.0
-10.0
-20.0
100.0
-21.0
209.0
0.0
-10.0
-20.0
-20.0
10.0
-20.0
20.0
-20.0
10.0
60.0
50.0
-20.0
-20.0
-13.0
39.0
200.0
20.0
79.0
-20.0
30.0
-20.0
-732.0
-508.0
-294.0
50.0
-10.0
60.0
10.0
110.0
-20.0
10.0
-20.0
80.0
30.0
-20.0
60.0
130.0
0.0
30.0
-20.0
-20.0
0.0
-10.0
70.0
-20.0
-51.0
-20.0
0.0
50.0
40.0
0.0
-20.0
-10.0
20.0
30.0
0.0
10.0
-10.0
-10.0
9.0
-10.0
100.0
-10.0
30.0
10.0
10.0
-20.0
108.0
60.0
-11.0
-20.0
-20.0
22.0
0.0
169.0
49.0
-20.0
7.0
-20.0
-3.0
-20.0
-20.0
67.0
39.0
10.0
100.0
60.0
210.0
130.0
60.0
20.0
0.0
70.0
-10.0
70.0
-20.0
90.0
10.0
0.0
-2338.0
-20.0
20.0
40.0
-2663.0
159.0
-20.0
80.0
10.0
-11.0
46.0
39.0
136.0
-10.0
90.0
-11.0
40.0
-20.0
10.0
-82.0
-20.0
-10.0
-20.0
80.0
70.0
0.0
60.0
-10.0
10.0
-20.0
-10.0
50.0
49.0
-20.0
90.0
70.0
10.0
70.0
-20.0
50.0
70.0
-20.0
39.0
139.0
20.0
-20.0
-10.0
99.0
40.0
-20.0
20.0
29.0
-20.0
-376.0
70.0
-20.0
10.0
10.0
-10.0
-20.0
30.0
70.0
-20.0
-20.0
-20.0
20.0
-20.0
-10.0
174.0
0.0
-20.0
30.0
20.0
-10.0
110.0
350.0
-20.0
10.0
-20.0
-1712.0
-22.0
27.0
10.0
20.0
-224.0
-20.0
90.0
50.0
-10.0
-20.0
-20.0
20.0
20.0
-20.0
10.0
10.0
36.0
50.0
-20.0
-20.0
-10.0
-10.0
30.0
-10.0
-2177.0
-10.0
20.0
90.0
-10.0
10.0
-20.0
40.0
-10.0
-20.0
20.0
-10.0
-20.0
0.0
27.0
47.0
30.0
-1746.0
-2792.0
-23.0
-847.0
9.0
-20.0
36.0
40.0
-20.0
10.0
-196.0
70.0
177.0
-20.0
59.0
10.0
219.0
70.0
107.0
-10.0
-61.0
-78.0
40.0
78.0
10.0
-10.0
-20.0
200.0
39.0
-20.0
130.0
-20.0
-20.0
219.0
-20.0
17.0
10.0
-10.0
10.0
-48.0
-21.0
-10.0
-20.0
50.0
119.0
95.0
20.0
40.0
60.0
10.0
60.0
-10.0
0.0
9.0
72.0
-643.0
-21.0
0.0
76.0
50.0
20.0
-10.0
60.0
60.0
-20.0
-20.0
-20.0
57.0
0.0
-20.0
-10.0
40.0
30.0
-20.0
-11.0
20.0
-10.0
100.0
-10.0
10.0
-10.0
-10.0
10.0
-20.0
10.0
10.0
-20.0
60.0
30.0
-20.0
20.0
-20.0
100.0
0.0
-20.0
-20.0
80.0
90.0
59.0
-20.0
-10.0
10.0
-20.0
98.0
179.0
-20.0
-20.0
155.0
19.0
-20.0
-20.0
60.0
-20.0
120.0
181.0
-120.0
26.0
90.0
-1521.0
-21.0
20.0
-20.0
10.0
-3228.0
-23.0
70.0
46.0
50.0
-20.0
160.0
-20.0
0.0
-20.0
10.0
0.0
-20.0
-20.0
-1.0
9.0
30.0
100.0
-20.0
100.0
50.0
0.0
0.0
-20.0
100.0
-20.0
149.0
150.0
60.0
20.0
-20.0
60.0
70.0
109.0
-20.0
0.0
60.0
-20.0
0.0
268.0
-20.0
60.0
100.0
62.0
0.0
-20.0
8.0
-20.0
80.0
-20.0
0.0
0.0
-20.0
10.0
-20.0
110.0
8.0
120.0
30.0
29.0
-10.0
0.0
-10.0
0.0
82.0
-20.0
-10.0
-10.0
40.0
50.0
10.0
20.0
10.0
100.0
29.0
40.0
30.0
147.0
-2870.0
-23.0
60.0
80.0
40.0
126.0
70.0
30.0
-20.0
-20.0
-20.0
10.0
-10.0
-20.0
20.0
-20.0
-20.0
-20.0
10.0
-885.0
-21.0
-10.0
90.0
-10.0
20.0
40.0
-10.0
-10.0
101.0
200.0
10.0
-20.0
95.0
50.0
-10.0
-20.0
30.0
118.0
99.0
36.0
-20.0
10.0
10.0
90.0
39.0
-20.0
-10.0
9.0
9.0
20.0
30.0
20.0
30.0
25.0
40.0
-10.0
-20.0
-20.0
-666.0
-11.0
-10.0
-13.0
220.0
-371.0
97.0
-10.0
-1.0
-20.0
49.0
-11.0
0.0
-20.0
-20.0
9.0
-20.0
20.0
-21.0
-20.0
150.0
10.0
-20.0
27.0
-10.0
-10.0
50.0
50.0
-21.0
88.0
-20.0
20.0
-10.0
0.0
30.0
30.0
30.0
40.0
168.0
60.0
30.0
-20.0
-254.0
79.0
-20.0
-20.0
-102.0
41.0
-10.0
0.0
0.0
40.0
-20.0
0.0
40.0
-20.0
-20.0
80.0
-10.0
-20.0
100.0
60.0
0.0
70.0
-20.0
10.0
60.0
50.0
0.0
-10.0
10.0
30.0
-2.0
150.0
80.0
50.0
30.0
140.0
-20.0
70.0
0.0
-20.0
-20.0
30.0
10.0
30.0
218.0
-20.0
8.0
-20.0
70.0
89.0
20.0
88.0
-20.0
30.0
40.0
10.0
60.0
10.0
-1.0
80.0
-20.0
-20.0
90.0
78.0
10.0
40.0
-20.0
-21.0
-90.0
-20.0
0.0
-20.0
50.0
70.0
10.0
30.0
-20.0
8.0
15.0
150.0
100.0
-11.0
10.0
20.0
-20.0
149.0
0.0
160.0
-20.0
210.0
-10.0
-10.0
-20.0
-2957.0
-26.0
-20.0
29.0
-10.0
129.0
-10.0
50.0
90.0
6.0
60.0
60.0
60.0
50.0
-10.0
129.0
-20.0
60.0
10.0
20.0
-20.0
30.0
-113.0
20.0
100.0
-20.0
29.0
120.0
78.0
-20.0
-20.0
10.0
50.0
0.0
-20.0
60.0
-20.0
450.0
40.0
0.0
-10.0
10.0
308.0
165.0
100.0
100.0
0.0
30.0
-20.0
56.0
10.0
190.0
79.0
10.0
-20.0
20.0
0.0
-1.0
-21.0
48.0
60.0
-20.0
80.0
-20.0
-10.0
80.0
0.0
80.0
29.0
9.0
-21.0
-23.0
-10.0
199.0
39.0
50.0
-20.0
-20.0
10.0
-20.0
20.0
20.0
157.0
30.0
-20.0
30.0
50.0
46.0
20.0
-20.0
20.0
40.0
40.0
10.0
116.0
-20.0
-20.0
0.0
-20.0
39.0
48.0
-10.0
130.0
-20.0
-20.0
40.0
-20.0
10.0
-10.0
20.0
20.0
-20.0
50.0
-20.0
0.0
20.0
-20.0
20.0
0.0
-20.0
10.0
10.0
10.0
-20.0
10.0
65.0
-21.0
-1.0
-90.0
40.0
70.0
-20.0
120.0
50.0
0.0
40.0
60.0
40.0
0.0
-20.0
-20.0
51.0
10.0
110.0
-20.0
-10.0
87.0
-10.0
99.0
40.0
-20.0
98.0
20.0
-21.0
-199.0
-20.0
150.0
-20.0
78.0
-10.0
10.0
-20.0
-20.0
39.0
10.0
-20.0
50.0
18.0
10.0
0.0
0.0
-10.0
10.0
0.0
-10.0
10.0
220.0
10.0
23.0
-10.0
10.0
12.0
75.0
50.0
20.0
10.0
30.0
-10.0
20.0
170.0
0.0
60.0
-10.0
10.0
0.0
20.0
-20.0
10.0
159.0
28.0
-10.0
50.0
-104.0
-2.0
-20.0
0.0
20.0
10.0
29.0
30.0
-20.0
60.0
-10.0
30.0
9.0
-10.0
-376.0
39.0
-20.0
-20.0
-20.0
-20.0
50.0
-20.0
50.0
70.0
70.0
130.0
0.0
60.0
70.0
0.0
10.0
70.0
-20.0
67.0
20.0
0.0
-20.0
60.0
-20.0
-10.0
20.0
60.0
20.0
0.0
210.0
-20.0
0.0
-20.0
-10.0
-10.0
40.0
-10.0
10.0
40.0
83.0
90.0
10.0
36.0
-21.0
-10.0
-20.0
49.0
-20.0
-10.0
10.0
-93.0
-20.0
-20.0
40.0
180.0
-10.0
100.0
-10.0
10.0
10.0
29.0
10.0
-97.0
-21.0
-20.0
250.0
10.0
0.0
10.0
-20.0
0.0
-20.0
0.0
70.0
-10.0
40.0
-10.0
-20.0
100.0
-541.0
-20.0
20.0
130.0
0.0
57.0
50.0
70.0
-20.0
20.0
60.0
110.0
-20.0
10.0
0.0
50.0
150.0
-20.0
40.0
-20.0
-20.0
160.0
-10.0
40.0
-260.0
19.0
70.0
-20.0
-10.0
29.0
-20.0
140.0
10.0
0.0
-10.0
-20.0
10.0
90.0
-20.0
-20.0
10.0
-20.0
-20.0
-11.0
10.0
0.0
188.0
29.0
-10.0
-22.0
0.0
80.0
-20.0
-10.0
10.0
-20.0
-20.0
-109.0
-20.0
40.0
-10.0
30.0
-20.0
30.0
30.0
-20.0
-10.0
40.0
-10.0
-20.0
80.0
70.0
172.0
-20.0
49.0
50.0
160.0
-20.0
88.0
50.0
120.0
-20.0
-10.0
10.0
60.0
70.0
10.0
20.0
-20.0
50.0
-10.0
9.0
0.0
-20.0
20.0
-20.0
110.0
-20.0
-20.0
-10.0
-20.0
10.0
-20.0
20.0
-10.0
20.0
40.0
40.0
108.0
10.0
40.0
120.0
90.0
40.0
70.0
-18.0
-10.0
40.0
8.0
229.0
45.0
-20.0
40.0
21.0
-10.0
20.0
-20.0
-20.0
0.0
137.0
20.0
-11.0
-21.0
60.0
70.0
50.0
-20.0
50.0
-10.0
10.0
-20.0
10.0
-20.0
278.0
-20.0
110.0
60.0
90.0
100.0
10.0
90.0
10.0
10.0
-20.0
50.0
-20.0
-10.0
-10.0
-10.0
-20.0
-10.0
20.0
188.0
-168.0
9.0
-51.0
0.0
30.0
110.0
-20.0
-1.0
10.0
130.0
80.0
40.0
-2.0
200.0
39.0
-20.0
80.0
60.0
10.0
10.0
-20.0
40.0
45.0
20.0
-48.0
-20.0
60.0
10.0
68.0
40.0
70.0
-10.0
80.0
90.0
210.0
210.0
-10.0
139.0
30.0
0.0
144.0
-20.0
40.0
50.0
-20.0
30.0
-20.0
-20.0
-11.0
-20.0
-21.0
10.0
-20.0
50.0
-105.0
-22.0
118.0
10.0
-20.0
79.0
-10.0
50.0
57.0
-20.0
90.0
30.0
-41.0
0.0
100.0
20.0
-20.0
40.0
30.0
20.0
-20.0
80.0
30.0
-10.0
0.0
-12.0
-21.0
-4.0
-20.0
0.0
-20.0
-20.0
40.0
-20.0
58.0
-10.0
-20.0
-10.0
-987.0
123.0
-20.0
20.0
20.0
20.0
60.0
20.0
10.0
70.0
-10.0
50.0
8.0
-241.0
10.0
146.0
18.0
-10.0
-37.0
-20.0
117.0
-20.0
10.0
90.0
-20.0
-10.0
10.0
10.0
-10.0
0.0
130.0
60.0
60.0
190.0
-20.0
60.0
0.0
10.0
248.0
-11.0
-20.0
10.0
-20.0
-20.0
89.0
-20.0
20.0
29.0
-108.0
0.0
-10.0
40.0
100.0
-21.0
-20.0
10.0
50.0
-20.0
0.0
44.0
10.0
9.0
70.0
40.0
-20.0
-20.0
200.0
76.0
90.0
10.0
10.0
-10.0
20.0
-20.0
57.0
-20.0
30.0
90.0
-20.0
150.0
0.0
30.0
48.0
-20.0
50.0
96.0
-20.0
30.0
10.0
10.0
-334.0
48.0
229.0
105.0
-10.0
-10.0
110.0
48.0
0.0
40.0
-10.0
80.0
240.0
-20.0
9.0
10.0
-20.0
30.0
-20.0
50.0
120.0
5.0
-326.0
20.0
-20.0
150.0
158.0
-20.0
0.0
0.0
20.0
-20.0
-20.0
20.0
90.0
138.0
-60.0
-21.0
-21.0
188.0
-679.0
9.0
-20.0
20.0
86.0
40.0
190.0
40.0
100.0
-20.0
120.0
10.0
10.0
-20.0
-68.0
-1034.0
-22.0
30.0
0.0
80.0
60.0
30.0
-1.0
110.0
68.0
80.0
108.0
20.0
127.0
98.0
-20.0
10.0
0.0
-20.0
10.0
50.0
-20.0
230.0
-20.0
-10.0
-20.0
10.0
10.0
269.0
40.0
70.0
-20.0
10.0
120.0
30.0
30.0
190.0
10.0
70.0
10.0
40.0
10.0
40.0
0.0
-20.0
408.0
-11.0
-20.0
-20.0
-11.0
27.0
60.0
-20.0
70.0
10.0
-20.0
160.0
110.0
-20.0
-20.0
90.0
30.0
40.0
219.0
10.0
-10.0
20.0
-20.0
-20.0
-10.0
-248.0
-11.0
0.0
30.0
10.0
18.0
30.0
0.0
-20.0
60.0
0.0
100.0
-20.0
20.0
-20.0
98.0
-10.0
10.0
-20.0
20.0
128.0
69.0
-20.0
-20.0
-307.0
40.0
19.0
173.0
28.0
-20.0
-10.0
-10.0
9.0
-20.0
-10.0
90.0
10.0
-20.0
-20.0
-20.0
-10.0
110.0
-73.0
0.0
-20.0
148.0
-10.0
-10.0
10.0
-20.0
160.0
20.0
30.0
-20.0
10.0
9.0
-2.0
10.0
40.0
40.0
226.0
-20.0
20.0
70.0
-20.0
40.0
40.0
76.0
40.0
-20.0
20.0
0.0
67.0
-191.0
-20.0
40.0
70.0
30.0
-20.0
248.0
95.0
98.0
-20.0
68.0
209.0
0.0
20.0
-52.0
-211.0
-20.0
89.0
20.0
35.0
19.0
20.0
60.0
-20.0
120.0
-20.0
80.0
-20.0
-19.0
150.0
30.0
-20.0
0.0
-20.0
30.0
-20.0
-10.0
10.0
10.0
90.0
60.0
-10.0
-20.0
-20.0
30.0
-10.0
18.0
40.0
110.0
60.0
-1262.0
-20.0
20.0
-10.0
51.0
-20.0
110.0
60.0
0.0
30.0
-20.0
-20.0
-20.0
360.0
-10.0
60.0
-21.0
6.0
-10.0
-20.0
-10.0
-20.0
20.0
40.0
80.0
10.0
10.0
17.0
60.0
-20.0
50.0
-10.0
-10.0
-10.0
40.0
-10.0
10.0
-10.0
70.0
98.0
-20.0
100.0
-20.0
40.0
0.0
-303.0
-11.0
9.0
149.0
-20.0
20.0
-20.0
-144.0
178.0
110.0
-20.0
-20.0
99.0
-20.0
90.0
-10.0
38.0
0.0
39.0
27.0
40.0
-20.0
-10.0
30.0
-89.0
10.0
20.0
-20.0
49.0
-10.0
88.0
43.0
40.0
-10.0
60.0
-20.0
79.0
10.0
69.0
120.0
-10.0
-20.0
10.0
-20.0
-189.0
-20.0
-20.0
140.0
27.0
-21.0
20.0
0.0
19.0
-10.0
38.0
80.0
-10.0
-20.0
10.0
40.0
40.0
-20.0
110.0
-10.0
-10.0
20.0
10.0
42.0
-20.0
43.0
-20.0
79.0
20.0
-20.0
-10.0
106.0
40.0
-20.0
39.0
75.0
-21.0
10.0
