50.0
-21.0
120.0
18.0
10.0
30.0
41.0
38.0
20.0
58.0
-20.0
50.0
50.0
58.0
39.0
-20.0
-10.0
10.0
0.0
-21.0
30.0
20.0
20.0
19.0
40.0
-10.0
-20.0
20.0
14.0
116.0
0.0
-10.0
-20.0
20.0
40.0
-20.0
-10.0
20.0
20.0
0.0
50.0
150.0
10.0
30.0
251.0
117.0
-22.0
50.0
74.0
80.0
20.0
-20.0
-10.0
18.0
-20.0
224.0
0.0
-20.0
0.0
70.0
10.0
190.0
-20.0
63.0
40.0
10.0
-20.0
30.0
60.0
30.0
90.0
379.0
40.0
-20.0
138.0
-10.0
76.0
10.0
30.0
-20.0
90.0
76.0
-10.0
10.0
-12.0
-10.0
60.0
-10.0
20.0
88.0
18.0
-20.0
10.0
-20.0
50.0
10.0
20.0
10.0
49.0
70.0
10.0
40.0
50.0
50.0
30.0
40.0
90.0
-20.0
10.0
-20.0
-20.0
-20.0
38.0
38.0
68.0
-2.0
-3.0
130.0
10.0
40.0
30.0
-20.0
0.0
-10.0
34.0
107.0
30.0
50.0
-20.0
48.0
10.0
40.0
-10.0
10.0
-20.0
130.0
-20.0
-21.0
190.0
10.0
80.0
20.0
10.0
0.0
39.0
140.0
-10.0
60.0
60.0
40.0
30.0
20.0
10.0
10.0
58.0
20.0
30.0
70.0
30.0
-10.0
30.0
-10.0
50.0
10.0
10.0
40.0
60.0
105.0
-10.0
10.0
20.0
90.0
100.0
30.0
-10.0
69.0
90.0
19.0
34.0
10.0
119.0
10.0
50.0
0.0
20.0
50.0
40.0
10.0
10.0
20.0
60.0
77.0
-20.0
180.0
-10.0
29.0
-186.0
86.0
109.0
0.0
-20.0
-10.0
50.0
50.0
180.0
60.0
0.0
124.0
330.0
-12.0
-20.0
20.0
20.0
28.0
21.0
30.0
-20.0
58.0
49.0
40.0
-20.0
0.0
30.0
19.0
10.0
-20.0
40.0
50.0
40.0
326.0
-2.0
240.0
50.0
-20.0
-10.0
-20.0
0.0
10.0
10.0
40.0
30.0
54.0
-20.0
0.0
40.0
70.0
240.0
28.0
54.0
60.0
40.0
20.0
10.0
12.0
-10.0
-20.0
100.0
-20.0
20.0
10.0
-10.0
30.0
80.0
0.0
-20.0
10.0
-1.0
30.0
160.0
-20.0
-10.0
120.0
40.0
79.0
0.0
0.0
40.0
-10.0
28.0
40.0
-2.0
-10.0
20.0
0.0
20.0
-20.0
10.0
100.0
10.0
100.0
300.0
20.0
48.0
-10.0
-11.0
9.0
169.0
48.0
-10.0
96.0
-20.0
80.0
-20.0
50.0
60.0
10.0
10.0
-1.0
-10.0
30.0
0.0
20.0
140.0
142.0
20.0
20.0
40.0
-20.0
100.0
275.0
50.0
130.0
28.0
29.0
30.0
110.0
-91.0
130.0
50.0
40.0
-20.0
127.0
-21.0
10.0
30.0
-10.0
57.0
10.0
25.0
30.0
20.0
170.0
20.0
160.0
20.0
40.0
20.0
-20.0
0.0
10.0
40.0
110.0
-20.0
60.0
30.0
31.0
270.0
-20.0
140.0
-30.0
80.0
58.0
0.0
30.0
-21.0
-13.0
10.0
-20.0
20.0
-20.0
30.0
20.0
-20.0
-20.0
66.0
20.0
-20.0
40.0
60.0
-20.0
-20.0
178.0
-10.0
60.0
98.0
-200.0
20.0
-10.0
72.0
30.0
24.0
-20.0
9.0
-20.0
-16.0
20.0
70.0
225.0
19.0
10.0
60.0
14.0
-10.0
20.0
0.0
0.0
179.0
160.0
4.0
25.0
30.0
10.0
-20.0
8.0
70.0
30.0
120.0
-10.0
60.0
-20.0
87.0
40.0
60.0
70.0
8.0
0.0
80.0
-20.0
40.0
80.0
49.0
69.0
-10.0
-20.0
-20.0
20.0
10.0
39.0
50.0
40.0
60.0
20.0
20.0
-20.0
50.0
80.0
7.0
-20.0
120.0
0.0
57.0
-20.0
170.0
50.0
155.0
100.0
70.0
60.0
20.0
40.0
40.0
-22.0
9.0
92.0
20.0
60.0
-11.0
-20.0
0.0
-20.0
40.0
19.0
-10.0
10.0
42.0
10.0
63.0
10.0
-10.0
30.0
30.0
16.0
100.0
10.0
-22.0
67.0
60.0
50.0
43.0
20.0
37.0
40.0
80.0
10.0
20.0
60.0
82.0
80.0
100.0
40.0
10.0
-20.0
78.0
79.0
30.0
29.0
-20.0
30.0
80.0
30.0
-20.0
29.0
60.0
60.0
120.0
159.0
-10.0
-20.0
70.0
8.0
0.0
30.0
20.0
4.0
160.0
70.0
67.0
0.0
-20.0
0.0
94.0
-10.0
70.0
10.0
10.0
120.0
30.0
82.0
47.0
85.0
116.0
20.0
0.0
10.0
8.0
-10.0
10.0
60.0
36.0
10.0
-20.0
0.0
47.0
80.0
132.0
208.0
-20.0
20.0
20.0
25.0
0.0
-10.0
10.0
-10.0
30.0
89.0
37.0
-20.0
201.0
20.0
-10.0
-20.0
20.0
9.0
20.0
115.0
70.0
40.0
-11.0
10.0
10.0
20.0
-20.0
174.0
38.0
18.0
70.0
64.0
-10.0
-10.0
0.0
50.0
-10.0
10.0
35.0
80.0
40.0
10.0
51.0
5.0
90.0
90.0
10.0
-20.0
18.0
33.0
-10.0
10.0
53.0
60.0
27.0
10.0
168.0
80.0
-1.0
59.0
20.0
-20.0
40.0
-20.0
50.0
20.0
-1.0
30.0
90.0
30.0
10.0
40.0
10.0
142.0
59.0
140.0
-10.0
10.0
-13.0
19.0
-10.0
18.0
9.0
50.0
90.0
60.0
46.0
-20.0
0.0
10.0
70.0
25.0
39.0
36.0
30.0
-20.0
-20.0
47.0
-20.0
65.0
18.0
0.0
-20.0
-10.0
89.0
30.0
40.0
35.0
117.0
130.0
60.0
69.0
9.0
10.0
0.0
188.0
10.0
20.0
9.0
60.0
-10.0
70.0
10.0
30.0
28.0
10.0
10.0
50.0
-20.0
10.0
30.0
10.0
10.0
-10.0
19.0
40.0
57.0
20.0
10.0
14.0
-20.0
10.0
10.0
-20.0
2.0
80.0
70.0
0.0
42.0
0.0
30.0
-20.0
27.0
27.0
80.0
86.0
0.0
60.0
-1.0
40.0
39.0
10.0
10.0
96.0
70.0
230.0
-20.0
10.0
30.0
140.0
30.0
10.0
30.0
-20.0
-20.0
60.0
110.0
65.0
76.0
-20.0
-20.0
20.0
0.0
8.0
40.0
40.0
180.0
40.0
56.0
-20.0
67.0
20.0
-10.0
10.0
140.0
10.0
0.0
-20.0
110.0
-10.0
-10.0
29.0
10.0
50.0
-10.0
60.0
95.0
280.0
30.0
100.0
20.0
120.0
18.0
49.0
-20.0
20.0
232.0
50.0
20.0
0.0
40.0
40.0
40.0
177.0
30.0
20.0
10.0
10.0
10.0
40.0
19.0
109.0
99.0
39.0
190.0
12.0
-1.0
-20.0
-20.0
30.0
40.0
-20.0
-20.0
10.0
27.0
-10.0
40.0
0.0
-10.0
-10.0
80.0
-10.0
30.0
72.0
91.0
60.0
-20.0
70.0
30.0
160.0
20.0
-1.0
21.0
109.0
-20.0
80.0
130.0
140.0
29.0
-20.0
-21.0
20.0
40.0
59.0
10.0
10.0
-20.0
43.0
-21.0
104.0
150.0
20.0
-20.0
112.0
10.0
20.0
120.0
116.0
-10.0
-20.0
30.0
0.0
0.0
50.0
70.0
0.0
-10.0
-20.0
10.0
-20.0
20.0
-20.0
-20.0
90.0
30.0
220.0
-20.0
20.0
10.0
209.0
20.0
40.0
140.0
10.0
74.0
20.0
110.0
-10.0
50.0
60.0
109.0
-20.0
45.0
150.0
115.0
0.0
-20.0
30.0
-20.0
100.0
60.0
-20.0
-20.0
-20.0
9.0
18.0
30.0
-20.0
143.0
40.0
10.0
97.0
20.0
40.0
-10.0
50.0
-21.0
139.0
20.0
-20.0
160.0
-10.0
60.0
60.0
54.0
50.0
78.0
30.0
10.0
40.0
10.0
70.0
169.0
26.0
30.0
39.0
46.0
60.0
30.0
-20.0
0.0
120.0
10.0
130.0
-20.0
68.0
108.0
28.0
215.0
110.0
83.0
-20.0
70.0
-10.0
27.0
103.0
-10.0
50.0
180.0
90.0
68.0
50.0
40.0
45.0
0.0
-20.0
-20.0
40.0
9.0
120.0
68.0
-20.0
-20.0
84.0
-20.0
10.0
10.0
55.0
10.0
70.0
-20.0
-10.0
0.0
-20.0
116.0
-20.0
-20.0
10.0
70.0
-20.0
-20.0
50.0
110.0
50.0
0.0
45.0
300.0
0.0
10.0
20.0
10.0
130.0
200.0
10.0
0.0
10.0
-20.0
71.0
38.0
81.0
50.0
-20.0
10.0
-20.0
19.0
40.0
-20.0
190.0
20.0
134.0
129.0
100.0
20.0
70.0
-20.0
-10.0
180.0
120.0
-10.0
-20.0
87.0
10.0
110.0
90.0
90.0
100.0
-13.0
47.0
189.0
80.0
40.0
20.0
-20.0
-10.0
10.0
30.0
100.0
110.0
20.0
90.0
86.0
20.0
0.0
-20.0
-10.0
78.0
0.0
96.0
10.0
40.0
200.0
-20.0
0.0
80.0
-10.0
20.0
38.0
20.0
159.0
-10.0
-20.0
108.0
10.0
40.0
60.0
30.0
29.0
-13.0
68.0
10.0
126.0
9.0
45.0
230.0
40.0
30.0
156.0
20.0
90.0
40.0
-20.0
10.0
-10.0
80.0
40.0
-10.0
-20.0
-10.0
-20.0
-20.0
220.0
-20.0
20.0
108.0
10.0
70.0
-20.0
10.0
48.0
12.0
10.0
50.0
30.0
81.0
65.0
160.0
20.0
-20.0
-20.0
215.0
-20.0
48.0
95.0
110.0
40.0
20.0
10.0
-20.0
31.0
-25.0
28.0
160.0
50.0
79.0
10.0
-1.0
-10.0
70.0
90.0
50.0
-20.0
-10.0
-10.0
-10.0
190.0
10.0
30.0
10.0
80.0
28.0
144.0
158.0
60.0
240.0
-20.0
10.0
70.0
60.0
20.0
60.0
10.0
0.0
-20.0
20.0
50.0
10.0
9.0
90.0
110.0
162.0
18.0
0.0
57.0
81.0
90.0
76.0
-10.0
-10.0
10.0
-10.0
40.0
-20.0
89.0
40.0
34.0
-21.0
100.0
-20.0
30.0
20.0
50.0
269.0
55.0
80.0
-10.0
90.0
10.0
49.0
-10.0
-20.0
-20.0
70.0
128.0
110.0
60.0
60.0
20.0
-10.0
129.0
90.0
120.0
130.0
70.0
30.0
40.0
10.0
20.0
-10.0
32.0
90.0
-20.0
30.0
10.0
133.0
78.0
20.0
10.0
110.0
16.0
-10.0
-10.0
-20.0
-20.0
110.0
136.0
0.0
-20.0
51.0
147.0
17.0
10.0
126.0
30.0
80.0
-20.0
-20.0
-20.0
10.0
10.0
18.0
129.0
20.0
60.0
63.0
70.0
120.0
90.0
20.0
120.0
-20.0
50.0
44.0
10.0
-20.0
263.0
130.0
220.0
20.0
48.0
10.0
-20.0
-20.0
-10.0
10.0
30.0
0.0
146.0
-10.0
58.0
50.0
75.0
29.0
174.0
-20.0
-10.0
70.0
100.0
10.0
-9.0
70.0
40.0
80.0
47.0
20.0
100.0
39.0
100.0
0.0
29.0
70.0
50.0
30.0
130.0
90.0
240.0
29.0
40.0
45.0
-10.0
40.0
-20.0
20.0
-20.0
128.0
119.0
-20.0
-20.0
-20.0
10.0
10.0
90.0
40.0
23.0
20.0
39.0
-20.0
160.0
-10.0
0.0
90.0
-20.0
-10.0
10.0
-12.0
-10.0
140.0
0.0
75.0
60.0
30.0
0.0
-10.0
116.0
349.0
-10.0
10.0
-10.0
100.0
75.0
-20.0
110.0
100.0
60.0
29.0
39.0
60.0
40.0
20.0
10.0
60.0
-10.0
78.0
-20.0
171.0
-20.0
-20.0
0.0
-20.0
37.0
392.0
20.0
157.0
40.0
49.0
10.0
30.0
220.0
87.0
29.0
69.0
20.0
3.0
10.0
30.0
40.0
48.0
20.0
10.0
-10.0
19.0
10.0
30.0
295.0
-11.0
-10.0
20.0
150.0
161.0
-10.0
66.0
50.0
150.0
70.0
67.0
0.0
0.0
-20.0
79.0
57.0
110.0
10.0
-10.0
160.0
20.0
0.0
-11.0
50.0
10.0
114.0
-20.0
39.0
249.0
189.0
-20.0
10.0
48.0
-10.0
39.0
49.0
-20.0
-1.0
90.0
120.0
10.0
10.0
-10.0
59.0
30.0
10.0
114.0
-20.0
70.0
39.0
29.0
26.0
105.0
206.0
-10.0
10.0
87.0
50.0
20.0
20.0
0.0
57.0
82.0
-10.0
20.0
10.0
10.0
-20.0
20.0
20.0
130.0
120.0
47.0
50.0
-20.0
-20.0
-10.0
29.0
-20.0
-20.0
60.0
20.0
30.0
120.0
-10.0
70.0
10.0
-20.0
-2.0
90.0
-10.0
39.0
-20.0
203.0
-20.0
112.0
140.0
0.0
60.0
90.0
30.0
67.0
40.0
198.0
40.0
150.0
70.0
-20.0
20.0
-20.0
70.0
130.0
119.0
39.0
20.0
69.0
87.0
10.0
-10.0
180.0
10.0
20.0
120.0
19.0
-10.0
55.0
58.0
-10.0
58.0
110.0
-10.0
-10.0
0.0
100.0
77.0
160.0
0.0
60.0
110.0
30.0
74.0
53.0
-20.0
35.0
60.0
27.0
-10.0
73.0
149.0
-10.0
50.0
80.0
126.0
50.0
-10.0
30.0
49.0
40.0
10.0
10.0
59.0
80.0
-2.0
40.0
0.0
20.0
49.0
10.0
10.0
40.0
30.0
0.0
49.0
70.0
-20.0
90.0
140.0
120.0
130.0
-10.0
-20.0
10.0
-20.0
128.0
94.0
-10.0
30.0
-20.0
20.0
147.0
20.0
-20.0
-20.0
143.0
28.0
20.0
19.0
240.0
10.0
0.0
100.0
20.0
-20.0
50.0
-20.0
20.0
0.0
50.0
22.0
-21.0
101.0
95.0
45.0
70.0
10.0
-20.0
-20.0
70.0
30.0
-20.0
60.0
40.0
-10.0
172.0
10.0
0.0
20.0
-20.0
212.0
68.0
40.0
30.0
0.0
116.0
-20.0
40.0
-20.0
0.0
-20.0
57.0
30.0
-10.0
30.0
29.0
40.0
85.0
-20.0
28.0
138.0
88.0
-10.0
82.0
30.0
10.0
250.0
50.0
60.0
0.0
80.0
100.0
10.0
0.0
60.0
110.0
100.0
100.0
30.0
60.0
6.0
6.0
78.0
29.0
50.0
60.0
20.0
-2.0
-20.0
-21.0
40.0
10.0
10.0
-20.0
30.0
30.0
70.0
-20.0
111.0
76.0
10.0
-10.0
30.0
40.0
40.0
374.0
-10.0
41.0
70.0
20.0
20.0
100.0
10.0
-4.0
40.0
90.0
20.0
60.0
20.0
75.0
16.0
60.0
10.0
105.0
80.0
60.0
99.0
-21.0
-20.0
53.0
56.0
20.0
40.0
10.0
10.0
113.0
-20.0
10.0
219.0
-20.0
20.0
10.0
-10.0
40.0
60.0
90.0
265.0
79.0
-20.0
56.0
29.0
20.0
79.0
170.0
90.0
-10.0
70.0
30.0
110.0
328.0
91.0
-20.0
10.0
-10.0
10.0
-10.0
60.0
90.0
60.0
10.0
30.0
30.0
-10.0
94.0
88.0
109.0
106.0
39.0
30.0
226.0
29.0
-10.0
120.0
10.0
10.0
222.0
0.0
39.0
38.0
-10.0
22.0
20.0
30.0
-20.0
50.0
-20.0
60.0
-20.0
80.0
80.0
-20.0
49.0
40.0
-10.0
30.0
16.0
80.0
50.0
30.0
-20.0
10.0
30.0
212.0
29.0
-2.0
77.0
170.0
-20.0
40.0
10.0
-20.0
0.0
-20.0
55.0
38.0
20.0
10.0
144.0
149.0
123.0
10.0
69.0
150.0
50.0
20.0
309.0
60.0
0.0
40.0
148.0
-20.0
134.0
66.0
70.0
10.0
60.0
-20.0
130.0
4.0
57.0
-20.0
0.0
-20.0
0.0
68.0
10.0
0.0
20.0
-20.0
20.0
109.0
40.0
-20.0
-10.0
20.0
10.0
30.0
-20.0
110.0
128.0
20.0
-10.0
47.0
-10.0
-10.0
74.0
30.0
30.0
60.0
0.0
50.0
10.0
20.0
58.0
50.0
100.0
200.0
70.0
30.0
20.0
54.0
20.0
-21.0
80.0
30.0
80.0
21.0
30.0
62.0
20.0
-10.0
70.0
8.0
70.0
77.0
59.0
60.0
-20.0
40.0
30.0
255.0
109.0
-20.0
128.0
70.0
130.0
160.0
99.0
86.0
63.0
-20.0
-10.0
50.0
39.0
-10.0
100.0
150.0
40.0
170.0
218.0
160.0
-20.0
-20.0
29.0
189.0
90.0
-20.0
190.0
170.0
150.0
64.0
29.0
70.0
-10.0
20.0
0.0
60.0
20.0
30.0
72.0
47.0
10.0
59.0
40.0
74.0
-20.0
0.0
49.0
120.0
-20.0
-5.0
-20.0
-10.0
50.0
10.0
0.0
0.0
142.0
30.0
36.0
50.0
60.0
-11.0
0.0
49.0
40.0
20.0
0.0
30.0
20.0
179.0
40.0
90.0
-10.0
-20.0
20.0
60.0
19.0
-10.0
50.0
10.0
10.0
30.0
137.0
54.0
9.0
49.0
35.0
133.0
10.0
10.0
30.0
-20.0
10.0
-10.0
0.0
68.0
-20.0
60.0
0.0
-20.0
-10.0
36.0
-1.0
60.0
153.0
89.0
-10.0
-20.0
0.0
-20.0
0.0
80.0
20.0
39.0
50.0
10.0
8.0
89.0
40.0
50.0
40.0
30.0
70.0
30.0
-10.0
109.0
40.0
148.0
-20.0
10.0
50.0
60.0
150.0
40.0
40.0
60.0
20.0
60.0
59.0
-20.0
20.0
-20.0
50.0
20.0
-20.0
129.0
40.0
80.0
168.0
40.0
-20.0
48.0
20.0
176.0
28.0
70.0
40.0
-10.0
39.0
134.0
86.0
-20.0
69.0
10.0
-2.0
50.0
-20.0
88.0
70.0
0.0
100.0
-82.0
56.0
10.0
10.0
10.0
-20.0
6.0
65.0
-10.0
40.0
130.0
40.0
10.0
40.0
39.0
70.0
107.0
180.0
60.0
40.0
160.0
-20.0
-20.0
29.0
48.0
9.0
19.0
50.0
40.0
40.0
-10.0
-10.0
-20.0
80.0
10.0
2.0
94.0
10.0
-10.0
30.0
38.0
220.0
10.0
-20.0
-20.0
176.0
-20.0
-20.0
-10.0
55.0
116.0
50.0
70.0
80.0
79.0
10.0
18.0
216.0
130.0
140.0
120.0
50.0
58.0
60.0
20.0
154.0
70.0
40.0
10.0
79.0
-20.0
-10.0
50.0
30.0
50.0
50.0
17.0
168.0
20.0
10.0
10.0
71.0
-21.0
0.0
117.0
38.0
10.0
36.0
40.0
120.0
20.0
59.0
40.0
-20.0
181.0
40.0
-10.0
-10.0
90.0
-20.0
19.0
70.0
99.0
-20.0
40.0
-20.0
89.0
180.0
-10.0
100.0
-47.0
-10.0
78.0
90.0
-10.0
30.0
108.0
10.0
200.0
0.0
120.0
10.0
-20.0
60.0
20.0
130.0
7.0
195.0
-20.0
-20.0
9.0
10.0
-10.0
130.0
40.0
49.0
213.0
0.0
-6.0
10.0
20.0
50.0
-20.0
120.0
110.0
40.0
10.0
96.0
-10.0
40.0
60.0
20.0
70.0
-20.0
53.0
80.0
-20.0
80.0
80.0
80.0
-20.0
40.0
60.0
146.0
412.0
-10.0
-10.0
60.0
80.0
0.0
0.0
30.0
69.0
0.0
-10.0
60.0
126.0
37.0
-20.0
10.0
50.0
87.0
-20.0
70.0
-1.0
146.0
239.0
50.0
60.0
70.0
-3.0
108.0
10.0
47.0
0.0
10.0
40.0
30.0
-10.0
70.0
99.0
80.0
248.0
30.0
30.0
37.0
14.0
-20.0
54.0
49.0
0.0
70.0
-20.0
0.0
-20.0
-10.0
20.0
40.0
30.0
10.0
10.0
60.0
40.0
40.0
20.0
0.0
40.0
-10.0
37.0
5.0
50.0
10.0
85.0
30.0
130.0
50.0
47.0
-10.0
140.0
167.0
317.0
-21.0
120.0
70.0
-20.0
90.0
60.0
-20.0
-20.0
10.0
50.0
-20.0
157.0
215.0
40.0
36.0
77.0
10.0
60.0
44.0
30.0
35.0
20.0
10.0
-10.0
20.0
40.0
180.0
-20.0
131.0
48.0
29.0
78.0
75.0
-20.0
57.0
20.0
40.0
50.0
50.0
10.0
0.0
10.0
150.0
-3.0
-10.0
240.0
-20.0
30.0
160.0
40.0
29.0
100.0
162.0
90.0
90.0
58.0
30.0
-20.0
30.0
-20.0
40.0
20.0
28.0
-20.0
8.0
39.0
27.0
10.0
219.0
49.0
90.0
108.0
40.0
20.0
8.0
20.0
40.0
-20.0
40.0
176.0
180.0
-21.0
-20.0
206.0
60.0
20.0
-20.0
80.0
40.0
-1.0
68.0
39.0
20.0
20.0
90.0
220.0
70.0
110.0
0.0
75.0
255.0
209.0
40.0
-20.0
49.0
30.0
114.0
0.0
-20.0
9.0
90.0
20.0
80.0
90.0
0.0
-10.0
244.0
10.0
-10.0
-20.0
-10.0
-1.0
70.0
-10.0
-20.0
140.0
10.0
50.0
-20.0
40.0
-20.0
40.0
140.0
29.0
30.0
60.0
-10.0
-10.0
10.0
20.0
-20.0
-10.0
19.0
170.0
20.0
96.0
58.0
108.0
69.0
50.0
20.0
40.0
-10.0
10.0
180.0
-20.0
0.0
30.0
-20.0
19.0
16.0
-10.0
19.0
10.0
60.0
40.0
60.0
40.0
-20.0
140.0
100.0
-20.0
58.0
0.0
40.0
29.0
30.0
10.0
-20.0
10.0
-20.0
19.0
110.0
30.0
40.0
60.0
10.0
-20.0
-10.0
30.0
120.0
19.0
90.0
0.0
10.0
-10.0
85.0
-10.0
0.0
4.0
87.0
10.0
-20.0
50.0
30.0
20.0
28.0
-10.0
160.0
40.0
36.0
17.0
-20.0
29.0
89.0
0.0
90.0
-10.0
90.0
30.0
20.0
-10.0
38.0
10.0
135.0
-20.0
180.0
-10.0
10.0
50.0
-20.0
119.0
10.0
176.0
47.0
-20.0
40.0
146.0
10.0
70.0
89.0
70.0
-10.0
-20.0
160.0
39.0
10.0
42.0
10.0
0.0
-10.0
130.0
50.0
10.0
-10.0
-20.0
100.0
78.0
20.0
80.0
106.0
60.0
118.0
9.0
41.0
20.0
30.0
10.0
178.0
100.0
50.0
10.0
10.0
-20.0
80.0
0.0
98.0
10.0
19.0
20.0
90.0
50.0
80.0
20.0
100.0
0.0
60.0
236.0
-20.0
20.0
9.0
40.0
-10.0
10.0
120.0
-20.0
-10.0
68.0
60.0
19.0
90.0
30.0
-20.0
-20.0
29.0
10.0
130.0
-20.0
30.0
57.0
-10.0
60.0
-20.0
79.0
73.0
-10.0
10.0
10.0
199.0
-10.0
40.0
30.0
184.0
226.0
49.0
9.0
40.0
90.0
120.0
20.0
135.0
38.0
-20.0
10.0
-20.0
80.0
80.0
79.0
60.0
27.0
-10.0
149.0
-20.0
126.0
-20.0
253.0
-10.0
-10.0
10.0
0.0
109.0
29.0
-20.0
190.0
40.0
-20.0
40.0
-10.0
190.0
70.0
130.0
47.0
0.0
10.0
-20.0
-20.0
59.0
-20.0
20.0
10.0
50.0
72.0
86.0
101.0
20.0
10.0
-20.0
10.0
10.0
-20.0
70.0
70.0
150.0
-10.0
0.0
69.0
50.0
80.0
34.0
-20.0
50.0
243.0
0.0
76.0
141.0
40.0
40.0
40.0
0.0
50.0
50.0
95.0
56.0
20.0
79.0
-20.0
50.0
127.0
82.0
60.0
4.0
74.0
50.0
90.0
-10.0
-20.0
90.0
-20.0
0.0
150.0
-20.0
24.0
-10.0
10.0
60.0
-10.0
20.0
0.0
70.0
10.0
10.0
60.0
-20.0
50.0
97.0
50.0
30.0
20.0
90.0
-10.0
30.0
60.0
130.0
20.0
-10.0
-10.0
130.0
10.0
60.0
30.0
-21.0
20.0
70.0
-20.0
70.0
40.0
-20.0
130.0
-10.0
70.0
117.0
30.0
-20.0
30.0
120.0
99.0
129.0
150.0
62.0
70.0
20.0
10.0
0.0
0.0
10.0
-20.0
63.0
0.0
40.0
39.0
20.0
0.0
-10.0
10.0
-20.0
10.0
50.0
56.0
160.0
20.0
-20.0
110.0
120.0
160.0
90.0
70.0
-10.0
49.0
80.0
118.0
10.0
49.0
127.0
10.0
141.0
40.0
-1.0
90.0
47.0
20.0
-20.0
-10.0
49.0
-10.0
35.0
107.0
50.0
10.0
60.0
177.0
229.0
182.0
30.0
92.0
50.0
-10.0
40.0
60.0
29.0
10.0
77.0
50.0
59.0
80.0
20.0
37.0
20.0
107.0
146.0
70.0
170.0
160.0
159.0
-20.0
40.0
-20.0
179.0
221.0
-20.0
67.0
20.0
60.0
-20.0
9.0
-10.0
20.0
9.0
-20.0
40.0
-20.0
20.0
50.0
-20.0
130.0
10.0
-20.0
103.0
20.0
20.0
150.0
20.0
140.0
158.0
20.0
7.0
119.0
140.0
60.0
90.0
-20.0
-10.0
-20.0
20.0
40.0
49.0
10.0
30.0
130.0
-20.0
20.0
130.0
19.0
10.0
80.0
83.0
97.0
-20.0
-1.0
-20.0
-11.0
-10.0
70.0
0.0
80.0
-4.0
76.0
10.0
20.0
59.0
30.0
119.0
19.0
20.0
-20.0
10.0
0.0
187.0
58.0
10.0
97.0
-10.0
-10.0
60.0
10.0
176.0
120.0
0.0
169.0
20.0
10.0
20.0
59.0
20.0
30.0
20.0
-20.0
-20.0
40.0
10.0
4.0
18.0
60.0
0.0
0.0
100.0
20.0
20.0
-20.0
-20.0
-20.0
70.0
206.0
80.0
20.0
30.0
-20.0
150.0
9.0
-20.0
-20.0
35.0
50.0
144.0
60.0
170.0
112.0
-10.0
250.0
0.0
150.0
19.0
-10.0
58.0
110.0
20.0
100.0
20.0
-20.0
43.0
147.0
70.0
40.0
116.0
10.0
10.0
10.0
80.0
18.0
40.0
156.0
10.0
69.0
120.0
59.0
8.0
60.0
29.0
-20.0
60.0
135.0
-20.0
10.0
-10.0
30.0
-10.0
69.0
110.0
150.0
0.0
-21.0
40.0
60.0
-20.0
-1.0
-10.0
38.0
-20.0
-20.0
104.0
-10.0
80.0
0.0
10.0
-20.0
-20.0
50.0
50.0
59.0
-11.0
10.0
100.0
-10.0
80.0
120.0
58.0
10.0
30.0
151.0
0.0
-20.0
60.0
30.0
50.0
6.0
-20.0
228.0
110.0
0.0
30.0
242.0
70.0
69.0
-20.0
-10.0
40.0
20.0
108.0
97.0
27.0
40.0
-10.0
59.0
50.0
6.0
10.0
40.0
210.0
10.0
18.0
50.0
80.0
143.0
10.0
50.0
-10.0
10.0
0.0
20.0
20.0
0.0
30.0
30.0
40.0
20.0
80.0
30.0
139.0
24.0
80.0
0.0
10.0
58.0
-20.0
40.0
-10.0
80.0
46.0
120.0
30.0
50.0
130.0
40.0
70.0
99.0
40.0
-20.0
60.0
0.0
-10.0
70.0
10.0
-20.0
39.0
30.0
250.0
30.0
-20.0
20.0
100.0
80.0
-20.0
20.0
88.0
60.0
100.0
30.0
248.0
-10.0
50.0
110.0
220.0
19.0
10.0
40.0
10.0
80.0
20.0
20.0
8.0
40.0
59.0
109.0
20.0
70.0
20.0
20.0
100.0
30.0
9.0
10.0
20.0
40.0
130.0
-20.0
9.0
10.0
10.0
30.0
30.0
130.0
40.0
54.0
20.0
60.0
-1.0
40.0
30.0
10.0
-10.0
40.0
198.0
97.0
129.0
30.0
67.0
10.0
48.0
59.0
382.0
-10.0
59.0
10.0
-20.0
70.0
-10.0
-10.0
-20.0
127.0
30.0
150.0
50.0
10.0
10.0
168.0
20.0
-10.0
50.0
-10.0
70.0
8.0
100.0
128.0
20.0
200.0
-10.0
-20.0
-20.0
-20.0
39.0
-20.0
140.0
25.0
154.0
361.0
70.0
19.0
-1.0
-10.0
30.0
39.0
243.0
88.0
10.0
10.0
100.0
30.0
90.0
170.0
209.0
-20.0
-1.0
68.0
60.0
181.0
40.0
-20.0
40.0
84.0
-10.0
40.0
50.0
140.0
-20.0
100.0
100.0
60.0
100.0
-20.0
10.0
30.0
30.0
20.0
50.0
80.0
80.0
30.0
48.0
-23.0
116.0
82.0
-20.0
-20.0
130.0
26.0
-10.0
20.0
20.0
50.0
37.0
-23.0
-20.0
-20.0
10.0
10.0
10.0
0.0
0.0
38.0
39.0
70.0
80.0
40.0
10.0
50.0
17.0
10.0
60.0
-20.0
10.0
86.0
-20.0
0.0
-10.0
10.0
100.0
-20.0
50.0
60.0
40.0
120.0
7.0
-20.0
40.0
110.0
90.0
236.0
-20.0
79.0
0.0
178.0
240.0
0.0
60.0
-20.0
0.0
50.0
160.0
170.0
-20.0
-20.0
-10.0
10.0
-10.0
10.0
-1.0
125.0
-21.0
47.0
-20.0
30.0
40.0
190.0
159.0
147.0
-20.0
70.0
20.0
0.0
42.0
30.0
108.0
137.0
100.0
-20.0
-20.0
30.0
9.0
59.0
180.0
40.0
25.0
10.0
30.0
50.0
171.0
130.0
40.0
60.0
10.0
160.0
-20.0
-20.0
-20.0
-20.0
108.0
79.0
10.0
39.0
50.0
75.0
110.0
110.0
-20.0
40.0
162.0
140.0
171.0
10.0
0.0
-10.0
-20.0
-20.0
20.0
10.0
-20.0
79.0
-10.0
-10.0
60.0
77.0
-20.0
9.0
50.0
40.0
-10.0
-10.0
30.0
-10.0
-20.0
0.0
50.0
95.0
10.0
30.0
110.0
40.0
90.0
128.0
36.0
30.0
8.0
67.0
110.0
113.0
10.0
40.0
180.0
110.0
40.0
339.0
100.0
50.0
-11.0
20.0
160.0
10.0
-20.0
-10.0
-20.0
40.0
20.0
-20.0
30.0
-10.0
157.0
60.0
-20.0
20.0
89.0
69.0
20.0
10.0
210.0
-10.0
10.0
90.0
77.0
-10.0
-10.0
30.0
110.0
10.0
60.0
64.0
99.0
50.0
90.0
-20.0
9.0
190.0
74.0
57.0
89.0
-20.0
38.0
0.0
-20.0
20.0
30.0
50.0
10.0
180.0
-10.0
60.0
80.0
43.0
-20.0
30.0
40.0
-10.0
68.0
120.0
24.0
20.0
10.0
-10.0
20.0
20.0
-20.0
26.0
-20.0
50.0
20.0
-10.0
30.0
10.0
40.0
18.0
30.0
0.0
10.0
27.0
40.0
0.0
20.0
29.0
69.0
65.0
-20.0
50.0
100.0
136.0
90.0
79.0
-20.0
50.0
140.0
240.0
-10.0
20.0
20.0
0.0
0.0
60.0
109.0
100.0
60.0
50.0
20.0
-20.0
379.0
110.0
28.0
20.0
87.0
-20.0
90.0
-10.0
50.0
135.0
19.0
60.0
80.0
-10.0
20.0
0.0
60.0
126.0
30.0
150.0
0.0
68.0
10.0
121.0
-4.0
57.0
-21.0
219.0
140.0
-10.0
0.0
89.0
-10.0
110.0
40.0
-20.0
130.0
142.0
170.0
90.0
0.0
20.0
59.0
-20.0
-20.0
10.0
70.0
40.0
26.0
70.0
-20.0
49.0
-10.0
-20.0
20.0
-20.0
-20.0
120.0
80.0
30.0
28.0
-10.0
10.0
20.0
30.0
-20.0
30.0
110.0
151.0
20.0
10.0
19.0
20.0
30.0
50.0
46.0
56.0
50.0
70.0
-10.0
-10.0
-20.0
30.0
30.0
96.0
178.0
290.0
45.0
80.0
19.0
50.0
70.0
0.0
30.0
-20.0
80.0
-20.0
-211.0
37.0
20.0
20.0
9.0
99.0
-20.0
20.0
10.0
0.0
-10.0
120.0
20.0
89.0
119.0
-10.0
104.0
70.0
0.0
10.0
110.0
381.0
40.0
-20.0
60.0
10.0
186.0
5.0
10.0
-20.0
47.0
265.0
99.0
150.0
29.0
10.0
39.0
74.0
-20.0
30.0
10.0
58.0
290.0
53.0
101.0
52.0
70.0
79.0
79.0
59.0
233.0
-1.0
0.0
126.0
70.0
70.0
30.0
170.0
274.0
90.0
10.0
70.0
40.0
10.0
0.0
-20.0
20.0
20.0
10.0
-1.0
-20.0
10.0
82.0
20.0
110.0
0.0
100.0
-20.0
30.0
70.0
40.0
70.0
-10.0
60.0
-10.0
60.0
10.0
40.0
10.0
30.0
60.0
40.0
50.0
50.0
17.0
69.0
70.0
30.0
0.0
19.0
70.0
10.0
140.0
189.0
150.0
-20.0
80.0
150.0
64.0
-10.0
40.0
67.0
20.0
149.0
70.0
30.0
120.0
130.0
-10.0
20.0
26.0
40.0
-20.0
27.0
-20.0
29.0
29.0
40.0
110.0
-10.0
20.0
10.0
80.0
0.0
30.0
163.0
100.0
50.0
-20.0
-20.0
120.0
70.0
140.0
30.0
20.0
89.0
50.0
-20.0
10.0
0.0
10.0
40.0
60.0
40.0
-20.0
40.0
157.0
128.0
170.0
300.0
10.0
90.0
48.0
-10.0
70.0
-20.0
85.0
-10.0
110.0
100.0
119.0
72.0
116.0
30.0
40.0
160.0
30.0
10.0
0.0
70.0
-10.0
80.0
60.0
120.0
66.0
36.0
0.0
19.0
44.0
20.0
110.0
-20.0
19.0
60.0
0.0
-20.0
-20.0
26.0
50.0
60.0
-20.0
20.0
10.0
40.0
40.0
-20.0
9.0
70.0
10.0
-20.0
48.0
230.0
90.0
130.0
90.0
110.0
0.0
100.0
40.0
40.0
20.0
-10.0
10.0
40.0
120.0
230.0
-20.0
130.0
30.0
-20.0
-20.0
29.0
-20.0
50.0
70.0
165.0
-11.0
10.0
135.0
20.0
50.0
179.0
68.0
-20.0
100.0
54.0
20.0
10.0
30.0
160.0
10.0
-10.0
224.0
58.0
40.0
-20.0
35.0
396.0
79.0
10.0
-20.0
99.0
280.0
49.0
40.0
150.0
39.0
40.0
20.0
20.0
69.0
10.0
0.0
0.0
30.0
110.0
10.0
86.0
-20.0
80.0
107.0
-20.0
39.0
50.0
167.0
0.0
69.0
50.0
10.0
50.0
30.0
20.0
-20.0
180.0
-20.0
80.0
20.0
110.0
20.0
-20.0
-20.0
10.0
20.0
-21.0
87.0
40.0
10.0
60.0
70.0
27.0
10.0
119.0
-20.0
-10.0
20.0
10.0
50.0
209.0
-20.0
125.0
-20.0
10.0
10.0
270.0
-20.0
240.0
83.0
50.0
46.0
106.0
10.0
87.0
39.0
428.0
20.0
18.0
80.0
140.0
0.0
20.0
150.0
40.0
100.0
-10.0
60.0
10.0
-10.0
-20.0
-20.0
10.0
70.0
10.0
40.0
0.0
47.0
58.0
40.0
-10.0
0.0
90.0
40.0
102.0
40.0
97.0
60.0
130.0
109.0
40.0
128.0
74.0
59.0
136.0
326.0
160.0
80.0
160.0
60.0
49.0
70.0
50.0
-10.0
-20.0
79.0
